10000
89395 1685 60805 6609 47032 10010 42200 61662 2149 96001
62357 27208 2363 17584 11999 41389 8333 16796 97679 43104
45249 37403 49169 32270 65236 56931 64380 48604 54530 14541
61867 12834 47598 29296 64718 76414 16709 20269 23383 82031
89798 58916 95379 44858 12533 7742 39797 27423 10055 24109
50349 95197 24693 38422 48283 8459 710 46494 77683 26259
63674 92385 99186 74778 95227 55940 56809 57014 34267 276
913 63239 46212 80138 86473 75135 89569 59297 30184 42477
73582 34799 398 51798 45668 22694 37871 99867 69319 14238
50302 30167 52783 73208 1938 89807 66726 8509 24300 19115
46895 21031 7291 86733 10285 96690 89110 48584 27617 86528
55892 13294 84875 92611 74842 68530 35398 58451 35385 36407
90608 42017 40801 97648 25266 37459 99334 52026 70762 97990
90248 54150 58865 5593 39254 929 29818 25019 24730 24343
62937 82647 49124 85523 99918 4897 52315 51766 25452 59043
14397 83088 41949 48222 93948 52847 27369 15643 75522 71413
88189 34431 50890 90272 32485 71043 47788 14438 65661 30979
25433 62129 81686 18385 97465 74427 55201 68370 11795 86487
65116 37508 6920 47321 74763 70432 96577 90461 67888 99217
77210 36873 94767 64902 36700 33065 13796 96306 52913 15697
20799 25856 2582 19625 51728 65100 65595 39325 2684 22172
7119 89945 60078 86244 30913 9428 56737 73549 57794 86128
62975 77341 48089 3331 9045 38900 99606 30693 83432 14155
83658 16301 93624 86208 39305 73544 79493 44302 40784 83768
69956 23072 66345 89483 35403 82389 42858 79154 37623 82492
14584 30317 5492 96721 86942 4535 64249 96371 25416 65301
33283 27836 43335 19996 58376 99949 9299 67839 92743 99934
4608 81318 46496 48093 16585 26120 24022 17036 15093 77858
41038 40412 62247 87454 59248 48818 32278 90585 7842 83103
68921 68664 65792 54557 98542 16566 67438 36257 18914 84498
47357 98205 28722 24951 92314 21071 31968 81907 80062 49668
37900 43746 80953 90848 10952 81738 79869 79680 69505 91258
22108 88623 17989 62535 21685 92037 95583 630 81615 40543
75941 41464 58984 50154 96503 2044 74838 63555 9514 34952
18076 89105 47698 63451 3761 87013 64404 5386 58377 27528
66394 2600 73500 11507 77981 24702 29107 11405 98995 15334
23886 55946 82861 13711 61157 60147 49577 94692 27951 72708
67045 35406 74343 97556 78782 29216 52919 23537 27787 52715
90715 81776 30531 98827 85078 46965 85947 79042 80694 72676
57445 21629 57373 68105 54222 80562 86604 553 57366 6309
37428 22125 69063 10493 97845 20600 41515 19000 63114 93913
35968 81503 73467 71442 92852 73053 33927 3379 45788 13039
34658 70020 92632 91432 91068 75626 59770 98629 75037 8518
15348 8236 51934 87813 74518 91228 62032 40886 23637 3822
74708 75812 10947 95862 22386 74048 18324 96072 73274 38771
89972 15705 38964 96323 16154 28026 8198 85493 93024 97324
4825 11266 64281 18212 17868 2548 12334 67864 3288 59981
18712 78183 76135 36310 40958 56376 17099 52994 36242 7079
82128 27458 68144 45722 83908 37453 66353 7212 18542 33852
64510 1920 49288 73259 38738 98561 38823 28391 78946 65280
83893 2072 77947 18454 70151 65684 87257 13965 71289 17950
2467 23160 36568 47159 56757 21553 77868 87203 76893 48305
40138 30258 18810 78348 61227 71220 35780 83039 62253 62246
65763 48306 82920 42496 88733 60550 65363 36583 14730 69431
28006 10899 80005 79880 7353 94385 96967 36048 47207 92693
64109 8275 2084 29630 77740 9778 77745 90753 12985 24775
88798 60720 5493 48910 6772 65200 75638 10606 92624 84539
45018 59650 76594 17625 51181 92819 82967 24082 57303 98388
62392 19498 42733 97824 72179 26764 10814 87499 53659 51760
8558 71760 8428 91378 46811 20195 27561 40728 28659 72042
47459 19018 40841 64397 1324 3625 47490 44676 19488 11192
18400 765 89719 43176 65590 29938 14528 76556 23982 39207
17784 55077 87722 69283 58005 11243 56002 13627 48965 30834
54759 6585 54466 52211 8933 42751 46150 74148 11185 97036
8930 42571 85685 5007 66868 69329 89351 82612 63496 40964
81423 70069 55061 57852 16024 82071 11320 64845 38938 82734
92472 19250 57256 10495 61166 61232 30844 91030 14637 62775
76698 31452 80342 30687 28599 62845 3145 74005 64022 98625
33049 56530 48027 39583 15599 70946 50539 46446 83833 16275
90521 13211 12556 65522 36492 25024 53283 68201 20086 29949
84570 39309 82475 7298 23368 51210 37578 55429 5065 71102
47079 1397 41246 32940 54994 54837 43370 82939 66586 43643
73441 94756 71203 71121 31423 86267 17645 65773 95885 49325
930 10076 57505 47367 1956 52519 31623 9388 15452 57201
28916 5392 44421 36897 67068 70674 95503 94906 36925 9076
1187 1931 16437 77507 3676 87308 7371 58644 3492 80006
2297 66864 14506 49333 23889 65752 1605 76348 79605 26485
85787 28692 55523 67463 74896 47636 29036 9637 42866 57670
28943 62012 22817 19413 73284 85838 96731 56569 19117 49801
51275 27466 20529 28827 49898 92204 59652 93909 27609 5993
20030 56689 33860 30694 91080 40902 61105 62374 86853 94564
90193 29706 93892 55565 31325 16697 42659 15940 99597 66205
81170 72709 76677 85004 55540 68972 99333 93627 47359 63666
13192 47025 3255 25377 62667 66156 93608 63815 42702 17022
74820 77388 24112 84672 82352 23630 75998 9952 91061 86226
70419 51193 82837 66210 79549 82438 8368 58566 39768 28373
18179 73340 11177 75811 28469 91040 85245 46289 23468 25824
17533 95651 51527 31284 11553 7731 74505 69681 4611 11733
18979 20723 77727 70196 49481 98105 96640 54526 40279 35873
35034 24285 22443 51537 53747 48951 16032 39545 34152 78831
17657 81087 6064 5537 80499 97861 22478 36214 64773 43168
29755 55849 39574 42385 26343 11302 31698 97211 80101 23993
68521 65102 70265 24648 25212 40813 37244 40395 3521 91333
96052 87025 93186 95365 41379 61551 36025 61489 70983 38641
68087 33767 31062 48845 94781 7201 3654 16469 19477 6902
98141 7837 80217 21344 7226 70243 24903 10331 28128 6130
69042 48149 79262 48323 73870 10224 84920 15451 28313 38548
84573 7459 52632 97221 71860 42622 88700 50084 55842 38711
79323 62125 64957 48378 74327 93786 60336 11527 97420 89685
98035 69121 81415 50295 94346 59368 37026 33284 66149 90205
60572 2100 95436 80597 95483 6451 48628 36313 46301 66355
88287 18820 20917 1770 89852 71023 28471 25913 9757 37972
69030 35174 84928 36618 69452 70474 70461 29700 91246 61070
45839 57683 8409 25000 60217 92894 67847 870 58602 1202
98632 10657 87768 86494 78723 88495 58779 63902 88470 64093
23939 43717 6191 8167 72071 31542 21585 27016 88896 93375
80400 18165 8038 24794 19739 52586 1687 43521 38176 76017
98895 29265 97082 22152 72196 93325 34222 73924 32804 84049
89786 49583 21528 8356 36747 90788 99481 59327 7355 20523
48332 55434 5287 22626 72777 55963 48510 96153 75951 92724
6924 38502 87615 11652 44280 79742 65165 61450 45732 69497
77186 90509 93520 20333 48103 6169 97308 25026 98436 94725
26734 1497 47611 50674 73691 992 40979 18808 7283 55286
71028 88943 62010 17368 8527 34567 54556 78108 95263 62890
18436 56329 16631 99061 56356 45490 83761 42334 2390 64427
48516 94312 82159 56411 1712 39724 83141 8823 52210 47877
43068 59436 18331 11089 64502 57702 80142 8430 42694 27152
22439 24993 87447 13679 6347 64863 19985 1022 73432 12998
32224 70101 60226 33665 77485 26219 73681 22486 15314 61427
80148 44083 46861 43088 37215 39449 51243 37151 59962 14058
30780 78153 80988 54946 37878 71874 39953 86410 28484 71335
80618 85262 62300 16184 87012 67958 38198 39355 43821 78301
61297 16050 46383 88817 77809 37866 6969 58501 68762 84530
56311 80257 84084 80724 343 96982 34659 97052 75600 41218
70533 16827 70492 14804 3124 25250 57544 25656 59620 80869
87292 35722 79009 51644 57436 91965 21289 93787 54068 74053
32182 34898 79694 85264 74273 53929 11794 9885 92108 91231
87807 36726 46444 45310 14283 69098 66342 33429 32413 13810
82457 80678 94109 56064 63502 74693 73713 57578 62025 27919
76056 61998 3920 94867 14514 77881 59985 88949 43600 63805
62703 24095 45169 95429 55999 54675 18122 98358 68119 73003
89141 59948 88212 26316 1997 56273 48927 57435 97173 77648
95470 86320 80449 39381 3128 51148 10213 30607 99301 79253
5926 79426 45217 84431 11439 62606 19760 94954 81665 14190
41093 85818 34746 75310 22909 1475 54606 45452 35346 5481
87356 54608 52836 50985 54410 61345 125 83594 8543 12490
87240 67795 42238 73004 27632 68027 73811 32065 16187 79981
79094 94731 80793 57597 31170 40052 41496 51879 97659 90911
38966 48768 99458 40738 52904 49650 56557 45513 60810 23538
85273 90446 12656 26544 98225 37377 48414 73249 98781 6891
51158 17261 60608 32069 19804 78050 61005 15556 86278 76069
84192 13156 68331 64059 52438 10034 85271 8499 37493 15677
54367 18317 27269 58281 42121 55384 44662 311 86408 37052
5977 78349 49712 64901 85126 76028 14279 31249 10270 82791
82162 36713 12117 91682 26645 12682 14993 49379 14505 1037
79526 74008 33593 36588 19026 77766 996 14006 21757 72275
74112 84848 66099 37846 69512 21844 77966 32636 70099 99489
71252 9847 57640 97614 83572 20584 33010 6692 22986 81371
3004 30224 69436 3877 79820 88825 71817 62437 81365 65745
19375 64676 34073 17747 40821 97830 46004 25775 8916 62181
87072 10310 85710 28196 93153 95610 2151 57651 78225 5553
20352 6256 71258 80817 85914 79891 2469 78092 69465 72010
48309 63225 73557 99772 42676 7124 23051 60341 55045 92613
94586 23299 26142 82002 95564 56631 97258 22743 68428 29716
99697 30320 21643 65127 77408 33538 23217 30358 11062 69511
35537 41514 78273 42738 93502 2670 21725 32681 20422 86840
8993 75281 40591 24193 2433 27679 31215 34078 99987 39946
34068 37827 80827 8309 3587 45910 16723 45862 27543 93225
32651 91720 30951 27622 96496 53350 8712 61839 47100 35083
56237 15010 66842 40781 81124 13326 9102 49557 15482 79559
78242 23310 49123 4892 76395 36241 18247 89793 49914 71567
71644 28375 39046 61702 76379 85579 44835 10940 38843 96907
91123 92892 98068 78761 84401 80879 73611 84120 59817 86634
2956 86228 2857 21121 58226 35710 65764 77290 35459 45252
64184 77860 46645 25236 4582 29410 99389 72585 39360 68864
4109 28102 85057 33663 11070 77896 73562 49395 94852 16914
60511 71825 34664 29133 8482 46258 9206 14216 27619 76631
6823 27869 46340 90001 74918 1296 85187 53211 4594 66082
1402 29289 38063 75885 6067 53523 1578 48667 42 12772
77470 26104 99204 16542 25281 2046 96205 90164 85885 12508
39126 3029 52445 20663 86564 63832 60567 64940 35344 1848
63104 19481 62167 57977 45847 1928 86857 82435 60757 73072
79655 36374 61315 56240 71891 21417 66702 82239 57848 63098
80544 35746 6402 13193 82275 89355 13695 77906 51458 23912
26393 69170 48432 32663 5366 46664 72339 46424 66951 59524
27184 14830 62422 94012 1098 86504 21435 16828 67887 23605
14431 53772 69281 86825 9483 50949 32159 32374 38089 58639
35705 91935 14376 1638 68483 57166 16664 81700 6594 21933
41505 35983 94435 66161 54655 2201 47922 66297 9285 19542
9213 55225 94245 23795 30326 59066 81946 60963 25767 38111
42983 21554 57715 432 17421 27681 45752 19258 78328 52595
96919 4564 56563 7757 69585 41647 33974 66372 27299 71862
11995 20682 24529 33920 37940 18133 76693 46344 15498 30260
69909 89225 79798 42084 64035 73134 24480 26662 8372 65483
38733 71146 17119 66776 24118 67565 89239 72149 59046 81793
45711 94538 449 94750 16853 95157 6630 7118 25918 88310
72753 54179 69382 79616 3785 54702 68444 20531 26903 86690
12607 47214 39688 31135 1064 35237 54358 90539 57183 46319
15817 28993 97316 50192 77097 42387 84257 51752 39399 47632
74379 38737 55302 34314 62537 53791 17841 69379 46940 65548
74481 88707 90022 11721 84580 76258 51610 58419 27053 33543
88566 58626 75380 7652 46228 9324 62973 39178 86704 93319
26769 76170 438 47109 65409 88078 88604 78002 62924 19854
53587 45121 61681 8839 23142 30330 24142 12975 72374 20864
70835 62306 95204 96558 96841 97087 48921 59027 71844 33047
22653 38127 2886 20975 3509 83332 16167 99594 79786 38087
18484 28864 66535 22984 29006 14841 28357 51430 56915 23405
4779 61432 85769 16627 82381 47020 36101 45456 20084 91693
43548 49500 37341 81181 69575 36460 42041 75950 49221 80058
72098 50280 25010 11313 54855 90328 96232 96838 89971 72273
77228 29354 3563 37057 75320 77058 77596 21194 84365 61983
5938 10595 22247 30835 63624 95559 51080 75788 52762 74591
94339 61990 48373 13908 46641 86503 69729 93359 28395 17194
5838 41020 28625 61735 62547 89665 12350 83297 83931 17528
47179 64771 91510 57507 28546 91970 75712 37092 55546 76490
42346 44786 42036 18185 99907 70957 46771 34621 66132 71472
2384 68473 45012 77274 85223 66150 38703 61262 23645 53566
58010 99513 22239 31768 38802 86990 54280 16881 73140 78963
80672 72269 48588 79331 38242 99044 24773 12175 89888 51612
43062 33672 25800 92077 62096 814 73940 27035 92273 11566
11167 42160 10351 10202 23489 81830 26971 41287 81766 53063
89229 85295 36166 35408 5092 46405 19795 12963 28101 79142
76154 58846 12213 53543 66559 89257 8034 47452 96809 18151
73917 73996 81452 21732 32144 84197 21870 1085 45459 57317
29641 65312 28287 88807 84188 37505 22107 45657 58128 95868
75545 27947 88061 17089 89019 94947 11003 72665 72985 74339
2430 81770 13739 42902 20265 83782 52915 29981 10455 17527
95407 10927 16734 85190 16714 9382 25340 43061 6500 7472
41994 55447 55017 77680 76149 291 21081 58148 37807 40442
70897 85554 56627 34733 46968 61900 64194 76380 14337 86308
93903 58290 23932 64476 63100 3714 93304 82196 79396 21294
89262 99776 69772 89190 60337 23595 58701 19307 13139 45859
37792 72592 23067 30720 71799 81535 70914 64265 33043 49212
68134 49859 15575 42974 67538 64588 11605 71186 22369 38547
27018 82176 99017 83158 83401 69560 14481 38249 52236 18489
10858 66699 36789 60612 80767 6700 28591 82241 13475 20771
52206 38013 16129 88489 78307 29877 50612 40598 60495 52247
11215 71849 38973 50263 38262 59840 16082 25607 99790 29686
26561 90203 85347 56823 55811 48371 81599 62028 36781 18803
27842 16062 27847 69270 46002 14043 36030 44364 75449 42525
49243 67892 82879 67609 62697 40749 94634 784 61803 61904
39457 99887 79715 79842 59863 1759 836 10640 10274 1532
27618 94155 27489 56261 26608 91650 24902 46103 63087 37816
63302 3791 39894 92913 60499 31307 15793 82161 90582 25977
89808 9082 65041 50152 51047 16214 40537 18157 36009 47084
92309 46903 57082 74361 27662 96655 93125 29621 88209 36385
86179 66337 4210 19161 42962 64549 64298 51687 2002 57110
32470 12311 60910 75730 51584 83374 38069 9141 91874 34680
77951 14547 33368 77687 47235 23059 22527 93731 92304 56598
80219 85598 20498 5488 35523 2372 61071 15319 55972 93311
72506 57938 97411 89620 76994 59486 45150 65427 58373 74060
34874 31996 95609 62758 41053 72963 40414 83034 82117 81505
64195 13725 93686 12558 29791 70566 56795 12658 59335 34851
91351 9053 86263 83104 59116 74056 64559 47517 33212 80689
29276 78921 50404 76995 19709 22695 15548 12775 87091 87504
83281 76986 17277 24758 57223 19266 29942 92193 52612 20150
57723 61088 11730 64644 16335 51146 7204 43990 68465 67158
32471 35573 64477 8153 37926 24543 37438 88346 34013 49082
60823 74218 50645 10217 39072 61453 30491 13881 95525 85346
49131 85650 1809 86309 37725 23974 61595 34001 16949 86777
81962 54120 5876 67178 14527 55490 72297 99840 38391 59127
78489 91237 82862 43026 33849 68746 40978 21586 35776 31685
12595 61810 95065 77409 60251 94691 21703 15086 12158 26877
38980 70400 96374 40046 96575 98323 7217 58747 6876 42075
60585 70047 81068 98854 93189 30650 9381 91273 15219 26098
11703 94883 26111 62250 584 55812 87297 24357 90229 54653
3025 35259 8442 24534 77591 71768 8854 99848 36942 31797
76066 27856 77940 78234 90760 8751 31293 14812 99237 58460
23401 58063 83649 97043 51572 17751 17581 38758 28019 46076
43264 84775 891 88679 75689 58191 26 57657 70485 84536
66215 38068 60058 58802 7331 56595 74804 75961 40942 37695
34363 22796 14644 16272 78884 4250 820 25499 80198 83991
73202 86735 44820 1570 40890 84066 81885 9755 96083 28117
77808 28035 53962 88622 33405 56258 32057 16702 36799 70071
17373 61408 6522 62943 57847 85108 40549 80221 29365 64162
14924 6207 71655 59513 71073 97638 1917 43098 33388 95439
67469 30524 16851 8929 8091 908 65796 77473 73014 55969
61600 54751 55654 42731 82911 67840 13876 57477 83691 64757
89692 26105 64544 92221 85107 20613 65111 67719 97640 4144
15663 23864 94728 48723 28899 80958 62291 54395 45032 69180
63636 39864 92556 22500 46823 32035 35439 32037 11059 45462
81331 32062 45022 65739 15811 87914 90785 58162 18394 51874
92741 2348 34415 82230 29582 44257 11367 72519 90625 30989
11030 35056 54082 87200 25311 40755 77258 4533 70009 82966
68723 46791 56264 7339 62337 96191 23 59300 97894 11132
76388 47107 13124 81469 75831 8026 68351 21837 21688 91580
27884 43881 27281 32682 47807 9191 20182 33090 73699 7862
22996 46326 485 22594 13046 94572 1377 89062 51408 12324
93730 88102 84966 25206 5850 19856 93798 25959 23150 21771
24257 81788 19191 43529 76867 97609 57175 37563 60619 71151
56483 42078 41573 8598 49762 96506 86182 45197 23789 9121
82010 23650 14200 51281 36693 42210 58110 45358 21437 60681
76520 39523 50860 84009 10547 1478 80147 367 86075 20770
22668 10120 27890 61353 23834 28246 22513 97527 32189 17849
79684 64905 39420 6861 30157 78072 54734 80497 92452 97352
1307 44012 4489 644 93658 35890 44483 86225 33841 79711
39722 6040 60003 23425 79273 97075 55642 66051 58796 99371
9628 98213 40029 11828 91046 86144 80458 91248 12596 12574
86110 93092 56124 51589 76415 60125 22636 81679 93838 55060
76999 4788 47343 67689 41409 92503 36722 16580 94072 36945
96490 12040 22496 38287 2660 34460 54510 22583 12768 85626
52696 74662 20187 87127 77151 75182 35651 29808 12918 31966
17226 71897 95729 31119 31887 62965 81462 2536 5357 83190
64032 80158 67121 72076 68456 88147 51371 98327 83060 355
39531 90131 60540 4816 183 66439 29002 13831 47513 57314
24985 13338 24083 60992 32280 88991 81195 91936 26961 69811
63434 83823 75990 76790 78669 94642 19915 2255 85193 6457
15466 29206 52965 57165 37424 50470 4097 61323 82755 77332
20304 44772 86323 73826 95884 88165 23746 44996 66602 10621
35727 75566 78323 34684 85479 65633 40239 12377 14616 38658
94153 62071 12429 74351 32610 67426 11679 58384 15594 86297
93533 49313 18789 71560 14851 7342 14640 1106 79830 87126
62366 36082 14780 65302 31971 37042 62399 3605 87495 49540
93922 71414 69689 8784 52370 18073 88457 73747 71295 45046
56408 8429 73026 30359 22394 95666 39708 75279 94255 60568
76328 66902 12930 17312 53316 34232 79124 60570 87268 35596
62085 47594 59941 78003 36880 32785 34062 56359 43572 57401
32990 14744 21425 2526 6840 40794 95821 67562 88149 6342
93178 52769 63619 30036 6567 88596 6826 53277 48195 42086
83881 12735 82311 76148 35494 98882 46158 42999 97089 5114
10755 14523 8248 92914 14456 78829 83997 547 99079 68084
66962 57240 91186 95237 17438 92076 88274 86325 75091 26828
33012 8315 61093 4603 71254 98147 78452 54224 92381 42470
94057 60703 23613 63639 23782 5388 79346 26441 78446 43074
3470 82806 70691 61500 32673 21382 98638 47941 97264 56534
47334 56303 39133 28923 87812 59881 84799 47320 14740 65000
58277 39029 56431 33790 79903 93021 54302 35369 52650 54716
14788 30204 37499 91559 32696 53574 69630 45614 65235 71478
13075 11092 25344 52644 42327 97035 98607 88485 82332 26481
70341 23145 69435 77147 6027 2953 15386 13757 79414 2251
21599 8728 82503 91864 82325 85165 78660 44767 57018 32347
64883 82771 34828 95718 7936 51284 71135 34183 14246 58479
12440 45735 74586 57777 98578 3588 81373 81250 79532 36512
67832 7979 31209 80086 90711 76519 60239 9579 32730 17321
40938 48490 95351 11718 7228 7812 80943 66899 23199 96896
79683 23284 19361 75643 43645 57217 78524 31664 10825 2998
83163 255 82537 46551 9627 70361 12263 13403 56362 24508
12847 39423 92911 68500 70606 85257 32571 83912 50680 69364
86459 58749 64937 76294 92921 27724 13329 86557 39107 71302
61550 61575 22587 9357 23091 55820 7910 33998 67428 79073
77477 12101 82091 2640 71965 90960 7640 74582 42093 88586
69211 80601 23422 58781 38704 39700 33380 49241 89760 55123
74629 51396 77238 59169 49930 62686 69339 91314 76814 74073
58215 8185 28841 77456 21549 52398 88017 85775 43760 17924
68963 59725 25979 5449 27523 22567 4751 47973 20425 68334
40850 85299 45598 72397 88214 22298 81109 83045 85332 40153
71339 65982 81107 75787 5110 266 94134 47851 22162 62254
91485 96398 61744 16797 27697 66753 361 840 46295 91508
1806 40559 72167 35224 78144 99667 74980 31814 8415 99804
14689 68238 59472 82076 6660 73111 924 21729 92203 17548
38071 64615 97864 51264 12166 80205 32075 8050 57254 9414
11294 68272 47029 25901 80023 12431 24158 67930 46104 50397
33390 94648 9580 28354 78222 67000 46588 47854 81610 2639
52896 31362 54265 2522 37723 74953 10220 35173 85799 60060
29586 39871 91524 52600 1489 96670 88840 41626 8717 9645
43550 52584 57707 60579 4313 52114 10824 20521 88810 5177
20517 61062 30808 88519 13862 61176 27597 83403 33680 79000
6984 95346 6337 28050 73275 8438 42766 76658 36117 46825
35354 14222 75609 82149 64548 84934 86016 6713 67384 11107
1526 19455 25528 86761 88258 15271 81408 36990 77543 75474
51668 46976 57360 63241 65999 89423 61065 9746 24400 76872
64402 50622 98669 18465 74078 44037 40918 70429 20354 38161
34455 20635 89908 80495 63170 6774 20264 62203 91656 65379
60515 33420 55663 2246 93789 62161 76697 63715 66492 98734
6318 89717 65129 11345 31464 7362 68554 99544 20693 59574
56160 76615 93377 6414 95989 60624 28778 19862 68600 77852
84396 81339 91654 40544 18118 54094 95649 2343 43940 71435
7729 72050 91188 90242 18883 70353 51261 45737 95216 24185
55249 4032 17044 41719 22023 83605 4509 91584 12592 5162
19570 57789 91057 52354 63276 37100 68077 17274 40458 62123
96177 33019 22312 3325 91702 64872 69898 51782 76727 44771
33495 36766 15487 40471 57462 71627 60766 56694 66895 97354
11141 45371 62467 42073 42205 46197 72240 82638 15920 15172
92945 65257 12638 80320 2370 84783 25779 64188 46327 300
33153 34859 45314 12836 92823 99 92425 4841 66460 35842
14718 26428 48678 9496 32534 36986 84683 33662 99817 63867
59227 55518 47126 31469 28558 28017 9747 85106 56857 345
65187 60826 85081 76711 74264 72327 71053 20547 2825 43004
40679 16584 11039 11393 33513 27354 27904 57325 55395 4689
5207 5028 66691 89533 45550 33799 25714 3636 70558 18478
73186 208 4583 62371 25874 4101 43917 34590 1308 28928
81651 88411 6950 62152 83353 70837 23824 24371 86560 96391
39282 12053 24524 16617 42839 82821 69613 77859 96450 77960
18008 43415 62174 88185 59993 66970 40265 57574 79807 53705
49088 14982 46065 69460 8557 28232 62999 28418 35757 51366
80509 23856 84025 46533 41649 75773 38420 13937 32400 53921
71991 69491 63544 67756 26857 64040 72446 44198 45966 97474
81416 25610 37746 42855 17940 2865 34177 82100 29851 33474
68393 60436 19084 1676 35577 32600 39166 23587 85035 89424
87821 97983 37835 456 31918 88903 22795 91606 36521 44665
22641 3080 88646 78629 63240 16047 70147 67696 63909 90489
10659 46571 56531 90068 87135 77531 71362 40526 91525 67371
57748 3548 97567 14394 6581 98322 34387 76551 26599 76860
54359 61723 75752 58403 94610 29243 34693 24855 14720 60397
43084 90455 86655 23206 39908 89305 34101 89730 6474 41345
93810 56014 42760 57007 84624 69698 96152 68790 10908 71975
21024 70165 25378 13641 43644 10660 75088 274 24642 44249
60519 84332 72424 14328 44346 25055 67749 54667 91 15320
67085 70821 91791 30348 55561 22038 37123 78879 58925 64628
2065 22820 7816 30355 33383 38135 90471 50936 41963 6469
95430 40766 52142 42916 45263 15800 11976 66742 31434 94727
7289 2778 52841 32754 58809 27745 71918 9763 24836 54761
84841 23348 60231 26541 44562 93699 84399 41761 3042 82934
24489 88994 53885 7142 79289 10278 78023 50877 62040 82990
97877 38274 82192 67889 61838 6967 81353 7177 82815 46432
51308 15669 90174 37066 88701 21106 17325 97981 61128 42535
85320 2047 74603 31250 94840 20881 52553 51005 99550 59860
30666 15875 13701 27542 42261 58200 85863 4551 88148 86491
77265 65268 26306 9521 87888 65793 25424 76391 13830 91649
85532 55836 66000 22139 8224 6995 27293 38706 72062 64259
41268 76964 33342 21899 3375 78304 8399 37216 14423 35566
83739 35298 49161 97190 50279 65875 5349 59228 50193 37130
48023 98113 2624 4521 6400 20471 34811 5233 61663 99291
51632 36057 1765 75808 43941 30890 54421 48689 64956 59303
46579 8682 21766 40304 28097 5369 50557 76120 6153 3079
47879 54099 97020 96388 78254 36992 86216 87843 66474 31493
84424 69876 39211 27229 58487 31070 74180 97225 4794 15768
10321 68453 70744 38700 86170 54216 38178 11678 17789 81554
67929 8846 87854 83129 66044 25757 90816 3135 65594 97069
11533 44956 13141 88722 81130 89476 37840 99891 88989 7126
3111 99965 90957 60388 28650 10290 36881 32962 80901 95373
74108 9542 64391 90820 63456 80298 65049 6167 76240 23479
44725 81494 91472 15553 78904 71893 14728 13804 4805 59925
41878 61127 79593 26189 32353 76580 14958 29315 18703 4678
46163 87949 85824 9291 62916 32687 27119 28979 37803 7031
42973 88918 95701 26650 31053 4907 279 879 52075 61845
38757 18373 30044 58041 76748 51494 12552 30567 17308 1342
50921 66690 30716 79249 67465 44322 70525 91884 69672 86613
86392 19748 36524 17658 14886 69545 94484 79446 85381 11263
45152 90909 40866 89677 89886 29395 47574 94568 29050 706
64027 10086 20869 23257 9370 80347 34188 84458 91706 21798
32250 84617 52729 528 93849 72931 57559 51020 36247 56069
43404 55121 1801 45605 91408 97797 16877 38610 57592 40167
57053 97053 12421 26789 84511 5634 9611 94102 69953 34088
18532 31787 8788 10794 82395 15980 30251 84871 67249 50442
88716 38254 42734 92131 72836 89443 64339 68974 71406 4523
153 66875 39896 86949 31574 24309 37090 61762 22601 18033
36574 67418 23586 46124 9903 36094 62599 61425 16424 31633
66539 81798 57364 17845 54448 45932 75580 90100 32263 77447
80069 27725 53179 41054 94796 69093 55359 93042 48782 57811
33988 49816 72857 30009 19041 40993 34147 86768 42095 84160
29977 69148 9415 5678 68374 75677 68479 40857 11043 86456
24753 19725 93525 70435 55646 84044 72414 43810 25844 15245
83416 82179 78572 63550 64331 13410 97404 22076 67376 15269
4567 62531 97238 10780 473 39297 95152 31785 64534 77383
21116 13409 98010 82749 14840 43501 60928 14400 97619 15867
64475 74090 11736 11859 31857 63154 94292 91851 38943 26093
10394 81603 48879 95997 80343 75064 83172 46278 83436 76438
6974 18978 9989 24852 45826 87643 17389 12745 97257 58115
81361 84199 93175 68467 35157 59626 95151 85156 57424 83359
86819 50633 13035 23654 19287 74907 62228 30760 88764 94462
4457 2191 54781 80818 35203 75209 90853 5672 30001 46465
49330 52031 22045 77452 53549 74011 81241 6001 61156 29982
62644 3389 24317 8028 66938 64576 20364 43796 85793 87609
34324 80889 27443 12503 30539 99188 52923 99033 69555 19293
11417 87132 89356 10401 43546 74057 53991 79962 84166 80834
38011 90716 94723 68817 93011 85334 5156 31371 94978 14625
13008 89662 7021 50095 46972 16434 60655 68039 69696 23064
75461 33856 57049 38253 80435 45593 74974 85518 62818 32686
97471 52325 49661 58780 82488 44579 22867 76939 98660 27144
22304 90789 76659 71066 96169 58185 94602 41260 92264 29893
31297 88619 74648 73535 51959 65906 55338 26361 32355 50649
7808 93929 48548 60330 42807 87011 849 64496 93084 78964
52515 75705 94777 41922 22864 70870 27123 61033 9834 87574
7720 3009 22050 51698 23119 32143 2897 64453 50020 24287
23819 44585 90289 63395 90154 40182 13144 43414 31361 30018
19541 60876 32138 77060 8631 48651 92421 67503 60383 17428
89899 30740 49011 50405 10465 30792 7822 20847 797 5970
56744 19821 5716 34140 72891 66728 20936 30232 59786 35009
38986 88597 62714 34238 89432 73057 70209 38648 20578 32630
4747 15868 44926 35574 25016 78055 96211 41330 29650 71287
83624 26659 96532 14308 35586 39043 23317 25988 66311 25723
81909 96043 1693 84947 58942 54226 90799 59473 39396 96944
65448 8747 68270 43463 77098 40388 70015 81697 17529 31697
96807 53857 49915 60136 29244 70274 71692 30633 31600 13177
60666 47484 71926 91375 35929 86048 98321 54288 50497 13004
96687 41204 4219 19772 15311 65153 74799 28563 89869 27318
18098 38356 55828 96606 93989 67239 55137 89494 4353 45223
47069 54976 84798 43686 50638 25133 67491 71091 81316 86207
10597 37327 21293 70055 86426 5651 64566 31282 71125 37501
90835 63989 20610 78585 18543 74188 3884 98611 95733 91780
85970 35196 25331 56982 77755 6183 26338 86730 1563 27006
62336 11827 40292 56312 14403 4811 88598 66729 94216 99515
58408 96109 55191 10104 64287 4675 49884 74267 96126 95192
57090 40736 18326 29986 98778 37677 44787 15188 73062 53836
800 67602 44929 4379 68514 7879 20698 80413 97268 64748
15369 22977 17395 90980 31401 7281 98687 43199 70594 29724
761 93832 21119 74566 12785 34867 8750 4839 98243 21985
51607 53427 80407 4968 86850 76578 26345 61272 27162 44790
61458 10132 73341 86724 65373 37461 57486 54309 87327 38351
69527 41794 44003 75502 79536 93866 31424 48931 85731 46382
46237 36652 21222 12481 67276 87758 47970 76242 12927 96248
99534 92224 61146 91570 30011 67458 56750 88453 13174 41680
39726 65801 53816 60174 30393 27935 96767 40163 3130 11665
62663 64167 52665 3739 8169 85115 8824 49020 28555 98770
9080 63432 61892 10832 71504 63315 84205 26835 64505 91276
66964 1138 67168 1084 22920 63234 1132 31920 67915 7427
54520 58805 7257 7764 83038 96814 83903 56292 71791 82148
69469 33377 90868 82382 56698 67612 36730 84190 6874 80733
28448 25176 99895 87087 81699 81727 61606 71438 52703 85897
24275 91824 66878 40668 1206 36427 40860 97002 86502 6685
1440 31940 66942 41074 95987 87803 81565 13819 62591 57375
13223 97674 93510 81424 9909 26560 89947 207 76218 89431
43312 49740 57874 75414 28728 3971 76211 39057 22568 80053
31835 49377 21179 36916 91488 32992 75022 70551 25983 17125
62026 40831 41030 86946 20656 6644 39378 94488 34905 15120
30447 72002 93887 87601 4211 84591 94757 7572 3391 34186
25519 92196 72527 90846 825 53789 2665 28708 5372 56845
16780 95352 90360 15527 99349 39607 47939 86445 80585 35700
41812 13171 14356 8879 9865 88550 11674 35908 72991 68898
79982 22889 60329 54706 5773 91156 6893 71600 30836 62656
99446 16283 1120 50030 38676 57821 70354 78503 63898 61229
51127 96305 22455 66872 52078 33093 42277 61868 23245 56473
1210 87147 5843 55689 96772 22389 40416 62477 69228 64273
70655 19496 91428 78648 77448 88513 16227 60471 10075 62016
40700 61857 7461 83860 337 13503 28593 78145 91217 80561
35023 1094 82961 86757 73172 552 33540 85549 67302 91340
13255 61935 50773 63117 4477 14609 85850 44721 91348 47461
92588 66610 15560 48482 92113 66713 78801 52265 20016 34144
73555 58905 27660 88434 26547 80884 38827 35660 71388 11183
232 99872 17959 56010 60414 44643 87717 69702 19404 4522
56619 37469 8696 38146 95909 33313 30296 51946 54591 91457
77668 22240 29000 28542 23769 10698 90499 41861 23894 30713
65677 4 36043 10703 86800 23099 17673 73717 14008 17971
74718 79322 71938 26184 96965 36741 13999 3089 74041 67081
34438 69175 36291 28270 59966 58350 88692 70103 12708 4845
42671 85580 41984 40665 12107 30080 44394 67344 58845 69194
36812 42993 26055 18010 97256 87189 30738 30725 33626 99321
71715 75692 32302 12614 10064 34934 10820 8549 70523 30413
52848 12753 30344 52942 70742 6107 85958 6081 30917 17403
97489 92827 78698 29259 20788 7402 13727 22373 90898 93877
77698 47723 79738 11670 64569 26162 58266 82614 24516 67254
27821 35107 81567 19086 83859 69558 71038 49615 38252 43838
71498 90388 71433 42611 79002 15872 70251 77149 52579 79111
90745 57392 18362 54937 49185 26613 16155 18948 64791 69502
79533 77885 16903 54636 21659 91977 669 30349 17471 2731
12881 4049 49119 62355 23501 33573 16836 9869 38959 77442
15316 79281 31829 38788 84949 6265 4070 97343 98891 24947
20486 49409 25028 28228 92680 21477 27876 7372 67025 34334
75561 31320 366 81701 80071 74136 16346 43836 52428 13003
36322 15292 34339 88877 24567 46456 63737 58593 3592 36649
6987 2157 44506 79211 18329 88751 49112 83273 27274 10259
85241 95906 97794 25076 19828 47477 60257 39101 71117 58435
29151 72139 73901 35126 30368 68607 43354 81995 37606 80936
4808 95628 85696 78750 50686 90261 38663 11930 35719 27260
41352 98194 46064 69643 90825 36350 59805 74456 87845 22210
35273 47213 41238 69293 30905 44549 46328 22029 84364 76738
12280 66060 89326 74430 60988 49355 5969 67592 87886 70387
61053 54186 58103 86855 82223 72005 43083 68302 79951 38669
57232 1264 41969 61023 77938 8774 21846 26723 36601 72436
62868 41248 39974 1771 18903 66572 65703 20954 22788 63220
36088 30406 88361 60907 22553 77459 61061 74572 60111 80740
55840 87978 34098 90208 46385 67660 70338 43668 30502 92057
58622 90379 18120 49029 82726 23213 10716 90621 79709 24924
96657 43943 58499 42306 60127 82748 40077 95887 85161 89048
50532 81886 58449 96587 86058 69391 48453 95380 56260 53201
40960 80722 15033 2743 57849 54821 2615 87744 83909 29860
56541 75833 56978 46659 55354 40243 597 96928 35785 39732
70399 91971 2748 54540 24442 89438 42779 21062 55208 21720
84925 95164 97517 40165 81531 57888 42968 20410 92050 58023
17507 68186 73405 88873 14060 73510 41504 17286 98939 38988
99666 27044 1267 67675 99506 94993 22965 27985 36052 82501
66851 47718 50953 30747 10170 63947 23775 5769 52333 63790
52551 63904 7026 15142 32163 10008 73126 10856 86534 40171
25379 31729 98972 2371 72063 74785 4501 8552 73248 92269
23432 93881 86443 61410 24538 23753 28753 60082 50362 95100
20198 65009 97236 5133 21253 72450 45577 5531 72514 44172
89756 4849 18414 70715 70411 87811 61266 52909 26047 1894
80610 41841 91801 47346 58765 64803 38075 3751 28724 15492
82708 40654 132 51664 29659 535 33572 17742 91145 80944
6811 2949 1196 73867 70722 17212 68770 52800 35653 4035
55233 62352 79350 17375 28810 86844 21679 57264 1615 29552
43512 94772 88158 25704 49269 40962 90699 98246 87662 1896
66721 75992 95240 94641 82812 11682 41243 86536 39445 45145
98252 75143 68867 57088 26951 43282 51043 59790 92049 37093
51341 91119 64590 7564 58630 23222 10727 94370 43241 70866
9292 48897 3160 94878 24475 91088 65230 44089 33564 38366
92127 63295 23346 73024 22086 29698 93908 26522 45117 36420
98006 26672 39584 54196 54165 98457 12868 85154 21961 2249
74179 67314 85362 2922 64862 84771 8348 97895 84103 49669
42707 89654 43119 78594 38748 11694 93003 82841 33620 61870
59675 97356 84111 26842 67016 81735 75698 6897 22278 89003
71562 32900 21152 44188 68153 417 30513 71195 77793 60074
40025 93172 97544 58177 19085 76653 27562 91450 15965 82344
85285 6047 65874 50916 85016 89199 62332 67422 70710 86651
71757 73979 26580 46500 38102 46980 90057 69609 88143 75531
55482 89096 36977 39510 49539 39144 46550 27976 74378 14306
41624 78785 13956 18555 24599 22564 17364 34902 77722 16048
36479 19378 38590 34714 95799 89455 58254 77528 92594 56074
72808 56235 25103 99118 39843 39932 44893 67750 42592 70589
91895 1350 34654 61 60021 88803 71283 30604 66413 45322
52540 69912 38551 91800 71675 21501 91232 14341 35188 79472
33588 80018 95463 62073 69816 32548 27032 99025 77556 1048
17442 56659 36870 87414 9329 16040 27011 58559 64750 57071
59656 50961 71786 87907 58442 45781 51974 2991 3065 68808
18655 41414 23301 19252 9340 32002 34780 14540 72189 42690
37386 42087 17783 64942 55008 34215 28608 12755 89173 44415
7690 47884 88911 86411 5707 96133 53440 24986 18817 93872
22254 78807 65539 29291 13243 34449 30305 89552 66588 60154
72823 74374 64052 70181 3925 88770 84471 44525 32849 88883
21226 36012 19301 30621 25521 9465 12671 8367 39803 37678
54316 94083 47018 68317 80428 54026 73640 85105 62325 13398
4140 87859 67474 36600 77061 1410 6985 30401 48142 21927
68672 68024 3593 83023 49315 67440 94752 90862 96435 29040
11182 8480 97473 32213 89814 5465 56244 57020 35488 34312
82369 2229 80843 50578 11475 14148 82602 17173 92066 95072
69005 29027 70669 58675 49327 35067 1408 43537 62057 27828
6548 44590 68774 41588 64250 20259 73739 56760 55822 13191
639 58880 77948 51053 78820 89959 46736 19382 33202 98536
70439 79625 50531 24344 43093 98381 40835 57697 12904 4454
533 51097 74960 73511 10734 48984 84892 1810 18858 30468
29042 2139 42713 48256 8267 57786 99805 55959 42629 77632
87095 23978 52531 95744 33226 93116 76714 10050 12480 43161
5433 92872 16442 79861 93330 81235 73481 60640 12551 22266
34054 18652 29658 69847 84394 61670 70817 46230 70800 84342
6832 54046 45003 29535 57855 93916 2318 43511 13360 33579
7485 79190 89900 16979 27321 29146 17811 6725 98134 87918
83564 35617 50592 40264 79458 38458 33786 56439 51676 83980
89462 1518 49242 67779 32467 14702 29195 69230 48761 60170
73726 71025 62856 95136 8339 75684 26793 46142 38549 94204
36720 10714 97485 39083 49188 97968 56182 66763 96155 15870
15072 35938 93089 6582 87755 83835 77636 99058 624 8586
58614 65570 99195 83321 75275 95555 73643 23777 25347 18534
15424 27370 11481 51517 30248 26487 28480 21335 74433 31024
90263 6496 76425 45769 21035 75354 47401 92330 88800 75013
69694 49168 54704 44626 38664 40405 66100 41403 79294 73842
78364 45707 64463 59422 22166 52086 12701 65713 90861 4207
44813 11662 6961 71011 11649 7750 94073 89887 82512 29381
43052 10948 95934 97153 66612 16831 82583 82545 94023 36353
90679 5351 14231 5622 40825 6704 52599 88314 51226 23126
82582 51178 7775 90749 27300 51065 16240 94875 84918 98825
71568 96757 10449 32487 7130 33344 72017 31888 69901 48299
97586 67289 89385 74989 30446 16181 77805 49546 12921 3363
53679 62155 8174 27272 21422 4132 95241 90215 79813 90423
20088 3429 74101 72989 14039 33904 18913 35589 47415 95043
44664 58126 42682 50006 16647 88139 93268 56856 23270 55040
80345 55756 66199 39448 92524 22042 72956 20174 77047 34498
41465 56532 60202 68223 60281 55199 7335 69608 96360 80467
42167 22281 5448 89339 93197 85672 27560 69509 17997 45309
25190 49140 4364 35425 64412 50149 22897 96449 2162 53080
37491 75749 43243 87861 29171 80277 39257 98512 4430 18724
38690 31556 88432 68736 63157 43778 55248 84410 18735 33469
40928 12427 15257 55476 3074 39326 49521 58739 89386 66002
79924 28113 70560 12010 69434 89174 91729 52450 23325 1748
20456 23048 55486 31912 2414 80749 82606 26065 63442 68617
23186 2502 8804 45610 5647 51551 74171 90361 73955 22261
6117 70417 30859 75483 60293 31022 72019 44946 1096 43945
15585 2959 99253 11236 54386 76512 96537 77411 98275 82959
72084 30971 66109 74640 91207 79597 78016 42048 10842 27061
9541 36681 94296 42232 91171 2607 4146 17873 25663 31023
59968 29417 21009 78171 29913 89732 76749 76950 24090 11996
26501 60246 25934 96892 44341 31384 17535 85440 52248 61800
40219 93248 88173 38474 63712 42068 42837 91253 29033 10292
99556 62503 82252 99504 80891 2634 86581 20643 5463 42939
12126 25064 66216 44642 54005 55165 4342 81073 4534 95389
73910 15041 95411 53124 61563 91462 51229 55344 26249 68540
86351 21644 10443 58859 75910 29576 50000 72390 81083 33516
56209 99777 39985 65743 13923 79973 31675 35190 64947 19397
38372 64060 38777 99469 5859 14818 69355 41862 4873 2399
53881 36552 36486 74659 83469 19513 5450 88295 52081 27612
2666 69325 47509 61657 6281 98129 99342 94303 8501 84321
93037 28961 598 33720 20614 37509 21307 60343 33106 494
40523 36815 15714 44173 66733 71520 90838 35477 39203 91927
23094 73306 30281 5787 41640 57338 69775 50237 4434 37490
97760 49811 44311 47872 71356 42235 13238 14661 58356 86573
9379 48803 30998 64422 81787 29093 54539 61354 78496 44001
96359 72419 26245 85495 89090 55557 45151 56696 25623 66709
57856 41824 15857 44924 56283 97246 86248 54563 70145 51136
81463 43573 98379 49502 24436 75453 99734 83731 53431 63460
93554 74132 38782 33391 5883 54163 38697 18183 24782 75398
53326 37165 19029 45295 46973 96878 93531 71013 55245 11119
93643 51834 48189 9025 95952 58262 81549 71385 5667 90291
54250 7633 28986 48214 50858 10088 79146 51051 59159 83651
38200 29028 33022 82528 70502 92541 68430 98944 84481 16318
78535 86111 21190 66288 98499 99112 9842 91675 60513 93043
21274 33353 50252 71334 52067 73872 98442 59215 32743 34179
37562 22945 14444 77532 9062 37003 55326 98504 94693 65967
4426 63345 80630 35397 34678 11445 76987 29643 38269 54770
75985 87938 17938 55193 32096 13028 28799 12212 20457 85485
5216 49323 35882 867 24675 59222 6850 74079 46727 9105
97195 39497 69238 98731 6829 61728 46261 71396 2779 971
12144 26995 47626 81057 46284 67885 99441 22745 92229 96317
16731 64969 39333 81303 35000 25684 16049 68552 59930 48772
38113 78175 34370 16420 80367 22554 42587 2611 47910 93729
59470 57933 74092 11382 18899 88851 1580 42295 36115 640
20653 79806 39176 11551 29418 22121 75521 47750 35656 30356
73849 76632 29989 48278 91413 87526 49506 28096 16657 62685
17410 35945 92411 29739 74231 80429 32416 56711 9294 40110
28107 28705 38687 88354 46459 59980 76147 35325 48767 56625
11251 43934 86424 16385 46778 34218 10812 39869 67437 65528
40360 53728 34246 61473 66589 88888 15612 79023 28821 99433
49492 82730 98744 88222 55810 94976 95085 12935 69252 11109
70575 79972 21619 97497 84898 95023 83741 30419 31462 8118
2837 75342 50808 87652 45875 99782 31230 23920 1723 96545
48665 19216 39777 43712 5422 59878 47620 5750 80965 30135
77870 70460 39269 12063 4575 85904 33041 64611 77272 94593
79484 30190 88812 58305 30313 57637 30299 82620 71792 65905
68706 30005 84630 58577 5802 30347 76823 88589 87092 71421
63527 35636 58610 67255 55884 72404 18561 37883 14588 60107
84774 88766 8164 92601 19037 75457 62411 9339 88483 16833
89610 54246 61898 1790 50427 92383 75307 42981 59269 89602
26692 52746 53886 80494 52912 45515 29020 76603 40885 86804
27327 82499 22028 95639 46831 12851 53936 85209 38740 49102
94490 80307 70599 23475 66700 99827 52214 54623 31949 4444
50608 15063 41920 8765 12849 76559 35058 67597 48205 34709
34310 92573 80022 64543 75691 19954 62486 89650 78159 83182
41077 89545 20870 89708 97559 67815 45198 30271 31498 15440
27922 62229 95604 1991 80692 24945 58205 19188 62809 66007
3123 27437 16106 31706 33340 52652 22032 51048 55372 7852
2449 78972 94773 83950 7610 15627 13682 43272 9317 58476
83009 95254 49203 57156 70167 88856 81041 411 43910 46764
79022 90709 72429 12894 28280 37902 22257 3315 58029 31924
25902 93360 45715 96226 38919 4490 82288 55043 39725 37344
69489 93665 51429 30437 42778 95518 25265 68827 25705 65298
92968 58536 15790 21433 97683 28766 11991 93950 64261 7334
73834 61209 50995 79121 43657 10047 70627 29657 89925 76281
6894 24551 41772 3749 81541 64208 38049 8938 88698 52534
19817 83723 37318 99902 2504 47204 94761 45632 5237 26279
3594 84330 64996 94994 11823 416 16816 58369 10644 11147
17846 3114 80995 10437 8054 45111 75621 93753 12513 16770
18700 50864 20077 57987 89737 26950 18557 53383 22676 29578
51543 80063 22574 77645 9724 37162 88408 12174 43892 75147
79783 79739 6162 28568 26025 12737 62464 43713 11015 49657
59542 84148 81837 56805 52027 83378 51762 30682 39804 1483
49038 27900 75574 30649 94747 49051 48194 38432 3326 6637
18043 48245 25700 66035 81198 79719 34921 65805 81511 16670
94597 19233 21999 47264 95575 9301 78751 69331 31757 69390
76808 93425 63159 92185 6687 83699 404 78378 34926 75432
78414 14118 84557 49644 38180 59412 59723 57047 7718 62605
74760 9667 12019 21579 77873 40003 73695 58795 78649 53037
71101 67792 56117 68646 48536 39154 87697 33599 76420 50447
43185 620 23957 39512 80165 4606 15621 61178 84686 4686
40489 84118 94094 57551 57236 84615 49062 15159 58621 20478
53475 71756 72644 46187 75288 52259 13930 70063 69918 23745
49752 22182 56716 89260 92760 19435 17000 33944 61992 32643
31489 24008 89611 9284 73599 27934 57023 66919 33155 7168
70023 57458 59538 58583 30703 87055 19432 71580 40503 21036
48079 30220 61978 55783 56189 53025 60795 55508 32403 94683
78745 332 29596 89301 30771 76077 63810 4495 82417 59370
37280 8701 76696 87791 76610 39712 98349 46788 36041 8089
73931 28613 28855 18605 69888 75427 35952 90209 18882 18235
2038 84507 29563 72507 21208 29583 19065 74344 25248 98941
69705 67707 99266 58167 84347 49992 85617 76446 29019 32562
12633 75598 18126 12410 19881 30959 6263 25405 43915 31922
8123 9338 38800 79485 42411 62926 5320 75286 37656 45892
16130 6574 21244 89487 61131 1913 61075 98506 76689 45207
32050 67624 97663 23665 37182 15734 43586 17879 65282 51102
59249 98094 49737 12648 64173 31644 71403 32489 42812 43343
26235 80098 32380 55388 43783 28811 14491 57538 71376 81044
6260 89412 75245 58244 39611 32708 46423 13016 81558 64464
50064 1136 78676 83770 12810 31852 21251 47056 45494 66936
3225 58455 32368 40490 56296 97339 39521 97286 27538 71710
62699 58511 36604 75211 45222 61610 31786 56657 60790 18499
42158 83540 55678 14610 40604 51282 60830 65954 87075 38555
39986 59214 62565 92751 15438 55483 35688 1208 68803 34132
80820 95925 45777 14073 1031 89491 23109 21045 97833 22980
10400 32767 28952 87873 29044 51936 50142 26253 10053 15400
10214 50014 8183 12061 70699 84697 44227 13472 71244 9192
87560 16374 26284 65579 20158 48533 65691 34836 27720 79958
56697 55416 42159 12499 76679 22422 14156 54531 71765 87362
99826 74015 56083 222 91700 2391 71489 80866 54746 99495
71686 79849 78358 17998 31950 92119 15501 43519 9071 80781
59825 85962 65660 72034 11583 48367 95828 82424 16905 4902
15623 16692 27525 33637 31643 14912 28597 20697 70132 7264
93988 4627 79963 28254 19388 25634 31793 32339 63444 88095
9274 27857 2443 1298 76000 54342 2690 2156 25335 37073
78178 54332 31641 3260 42213 92266 91465 63691 4976 65554
65058 6339 31707 60344 67311 19792 61466 5429 31662 98316
7798 95825 68126 82308 84015 34745 52200 61709 23617 52518
8049 56259 92681 60733 86875 91736 26228 20379 86795 22773
38557 75451 93500 69428 35068 93183 28037 54 81025 43113
68100 10945 77331 92422 76068 81759 61440 69875 29031 84090
85773 21516 2379 80638 20737 19275 28703 2631 79732 14751
47507 59713 60558 22991 6709 84085 49398 47203 97177 1373
5412 39569 97991 25467 95122 64138 28174 38513 9738 55100
99256 10489 11025 10577 73282 47219 30385 48577 40338 78321
4304 96159 39770 34423 14806 68678 12640 25613 41752 83674
44697 86093 11817 52957 6108 39121 97483 14169 78151 58562
16425 59292 55167 82154 83513 94848 36939 45230 16080 32726
10756 26344 99091 85256 47082 76700 99366 8303 73666 49844
82446 16845 85984 64647 59272 11644 83536 15822 147 2052
61566 99255 69261 50012 69084 75916 47483 94244 51416 4002
64260 55770 36336 58668 2900 62947 59179 78344 97072 36351
22786 25764 80424 10971 52933 99488 87036 61929 86120 63987
59104 76821 57962 27305 77416 22062 11691 80578 54618 97217
99575 41773 18530 28152 22058 23221 77941 22669 91567 39566
54450 55041 12341 46286 95642 99876 65562 39644 99892 21576
24779 76098 26432 95148 52603 68637 7871 56616 85956 95886
64713 84301 58461 28169 83176 74690 44295 95637 83566 99723
43654 68894 60193 22143 68043 38960 28427 99397 26649 82544
35564 7202 89372 37454 99801 85179 82944 81829 44587 6269
99927 24127 8147 36422 35904 3894 65719 22972 90631 2599
18304 85738 41105 37404 47144 44588 7245 45750 69905 96066
62169 18874 33501 4319 29124 80825 13866 33724 39185 54210
33091 18217 54298 53419 63211 66016 84393 83503 26352 21656
99693 51381 27302 72945 63358 86026 78448 34200 98523 2436
68841 4905 62466 68363 81191 49951 33794 11218 32003 28537
41051 67175 54800 11350 14765 49851 34651 18174 30686 23004
27859 75092 23941 30893 64516 14759 55512 49455 11348 31954
86433 98328 28127 77081 76360 4529 52651 91877 70294 51987
65498 15039 7938 8311 10108 17729 99779 79037 45816 16548
65530 15882 93258 62370 99516 51339 37734 46966 63002 9262
13428 94184 50186 42896 70790 36287 82935 39747 46073 42943
72345 7655 14463 36886 81555 43655 53938 3544 31019 28982
55597 18482 66346 56143 94482 55501 33894 85725 68360 94835
20804 40417 88259 17936 88446 58337 60918 66256 62941 63487
99493 25367 3131 69354 39023 38879 58327 99613 41042 49989
88262 85008 43582 38271 48644 54453 32401 15784 58676 26100
37504 56178 5143 73368 85116 10065 4242 1885 76471 58911
93045 24250 22064 68624 10118 36477 24901 61293 42004 12974
99450 18088 61312 30723 33822 24972 87540 39614 63277 611
5098 48872 75894 99007 81940 5474 99617 90150 40435 47780
76298 87632 94969 46532 76462 24899 15494 89201 4682 88912
14264 71464 30146 70923 66417 44879 49585 39342 78494 14758
88357 47862 89484 82774 64239 62009 47097 42417 68932 69368
97296 78060 50565 43562 67874 96901 7551 59378 20968 70317
70377 15301 72760 13246 18069 64062 96895 48629 91179 85683
73112 20679 10798 26365 82883 36325 76857 74255 70280 38446
34269 11969 76622 5437 10017 1582 67486 59042 56092 59546
32085 39526 27320 2035 519 73378 77961 46498 57185 88028
44900 58891 85836 38221 5462 75936 13637 47789 20320 93888
34373 41296 1634 75565 88117 22729 90122 49601 24481 15381
1589 79367 74868 428 29274 99494 64567 29863 75563 20673
95401 95615 74479 82065 5235 97562 41740 93713 82186 22691
30701 21907 35736 19927 73423 99143 62566 24140 34992 68324
1347 91827 5129 5573 86089 98549 35099 47364 17450 19613
47258 93324 39773 42813 24470 39849 51399 42890 21524 93844
77776 21713 66494 22308 58944 98195 29882 41301 26982 3743
82641 29392 93488 50355 86112 97402 10345 90794 44815 22976
88425 90357 82946 98118 52693 23143 41291 53731 86077 54943
39260 65369 38337 28151 76108 38362 42335 26860 2342 73358
34967 53187 35575 59499 8213 98577 30328 21000 11667 54244
6859 98410 86616 51738 48564 68004 21505 82897 22872 61580
77403 3000 62194 4106 14278 14100 96196 66943 58117 56054
54044 52892 28406 91027 99632 4356 39846 69019 44358 36019
65368 90572 91210 63038 99651 83632 66072 87301 74401 75098
9789 63172 60312 10068 58493 72242 39167 29428 97503 88293
56383 86012 9439 5886 89279 17970 92967 60296 85988 90574
56558 34552 32266 42301 36637 99070 65499 82140 98240 2004
4183 86947 48260 21298 91961 40273 46763 14131 31705 38384
37374 6008 91078 34555 44499 43700 1519 10665 54993 29341
7712 89509 79127 95408 30729 74970 91709 11687 9911 38352
15632 51751 80450 64198 76347 61025 36203 47772 76719 76086
87491 54480 26726 53808 18412 43395 7819 28757 84469 39813
52021 95636 27149 47703 16861 78591 97630 89511 21020 41749
31316 72642 52940 57818 31393 9107 16592 49953 12919 65853
49514 81623 59998 23083 61409 23763 7517 65489 59887 26605
74565 79642 97847 42757 73606 99983 48956 68138 56152 74966
36171 50585 33805 33704 96276 8886 60508 17641 74589 26743
44816 40227 19399 10363 81366 93574 51837 58210 98043 25758
29799 47761 81795 65056 97397 25121 57678 7397 25401 12608
47904 25420 11576 11584 33081 7364 93845 28194 33757 64759
1702 10601 94177 52490 59752 16441 97710 89680 58594 79997
66059 95928 54243 50807 53325 54894 88082 22350 69796 61591
77804 30131 79670 63116 98137 65888 26898 18971 7883 70358
53722 87679 59788 17131 30867 16732 60738 6853 69056 10739
92733 56090 32393 76323 88875 35543 49476 51594 45864 49892
54584 95371 61954 95001 51622 35030 77175 51696 71680 44502
19110 26150 35300 4367 56448 97042 80865 40252 99344 98401
8733 3148 30878 87656 95778 82881 86109 67303 14149 27118
80603 26096 87842 94421 30885 22300 82827 48111 19478 63842
15906 91319 42758 32891 37039 96608 59372 4967 15969 74539
99660 12193 45542 8431 5870 65464 22317 66464 27367 49684
25943 63158 13589 28289 35552 14731 89563 24179 35783 20184
51238 29005 80033 37892 94028 75429 65926 12340 97592 58188
7677 47089 65433 59512 51434 12084 4085 1060 19839 87557
69566 69244 22983 56715 76052 22570 59364 22637 89877 99246
70532 77509 51896 36086 86671 41005 56688 67913 88275 89309
98737 61470 78375 15805 60731 59306 24126 60840 6647 33288
70924 64794 74291 31072 226 88996 2915 74031 47051 20400
80310 85861 32293 60400 15252 48980 86130 21275 69791 49642
63449 17531 72790 70654 27534 71761 8314 48270 34856 92791
70427 90774 6642 95109 74564 48963 94285 85380 46704 31164
72064 17948 46575 12276 50982 57721 67198 99598 89880 86197
91216 37906 7504 61247 44230 46109 58725 82302 11116 93572
16383 48640 65060 66933 55627 65303 32709 35527 23323 46989
15508 55806 52921 69981 40966 12191 66285 49773 49586 46671
10057 61846 32924 86617 537 3885 98467 55192 52396 96763
85934 37480 30851 850 14915 16093 9665 1493 78125 46476
79920 30675 53545 79116 75283 53424 60357 80703 15687 31261
122 88267 78411 52656 10054 93761 83920 52798 85845 13969
88654 43843 94463 86933 12198 87592 44743 25697 73748 81744
37128 99328 17113 60581 86580 1903 97241 15806 38543 36141
44907 65547 76634 18322 9474 6246 64723 88382 44738 32649
79151 91103 72703 5816 91581 55858 79441 65609 14617 32398
59234 62842 81578 15307 14757 62707 89145 773 43015 89513
43886 52213 10804 3984 77035 58525 2117 16593 95685 83615
50931 60709 7019 38978 22459 23810 8952 91459 51112 94305
97031 26236 56919 59205 8140 14098 16856 96057 28248 14745
10462 64189 43317 26147 11400 96714 69423 69611 94027 94674
84526 44032 86688 59660 98651 99347 13585 13845 69254 53903
77790 2364 98938 94799 22735 96451 44937 53589 96078 59001
12356 93464 45052 76945 54319 8652 25828 93768 69640 63491
15945 33132 70689 5733 90684 41097 65443 15433 2742 4091
37250 14019 19885 77 84195 34308 25188 59500 64990 14141
19946 57095 98256 38712 28249 47885 45951 82656 33547 47168
77071 99126 3170 15635 58182 77847 80853 7123 80533 73780
86150 89088 44395 43706 4306 3154 15112 77779 59447 11837
94913 87494 25252 63961 6762 42737 44486 50719 45087 57322
64967 59537 92562 19170 77663 48128 36372 45113 28355 3421
2821 3031 69206 1480 68032 29561 88583 49575 55174 95876
66777 81427 51938 94583 4665 61085 94115 98139 41470 67805
83031 39228 92580 8555 67983 29626 64907 38926 5264 41838
27795 56433 87496 38205 38027 80651 71909 56047 47540 44396
74346 3185 5797 96456 94656 11262 82206 551 83840 93634
60272 41609 73966 89111 36133 51604 60753 26427 36868 83475
41835 97487 34652 13763 50406 70126 59806 4102 78120 82350
52453 29155 88465 2186 44860 63837 63032 3057 30522 77137
17465 23381 32592 39837 80477 57918 63579 98061 46742 38329
3617 43194 24596 20089 81033 90020 73468 94611 8897 23899
79647 18 14557 65536 83477 10998 30113 32488 34243 99615
11608 5668 59181 36648 56135 79018 55348 26546 95305 12825
29254 54757 16276 57727 18777 69079 58862 14269 98302 23032
34677 50413 66794 26066 41075 44199 44714 70130 33259 70609
81449 31047 68830 20405 98934 55329 55460 62151 61415 39775
59744 62131 79565 58649 30978 78441 46485 6028 2921 91127
91446 16523 53602 45880 76304 7090 64833 3857 6471 15629
688 83882 55805 7497 95969 33972 83309 51465 11806 11984
59072 45336 1231 38540 36445 81956 8934 62045 80208 27024
82468 9503 22381 46726 79521 16852 81281 36028 42789 43761
47542 91019 23132 20357 27926 31473 41373 6749 95761 3525
33384 53843 80510 37599 48140 42905 46990 11102 54658 95623
40867 74145 36053 39368 46078 25423 33542 95231 85819 11471
86003 12730 92157 55442 6693 2655 24227 2182 43535 29203
95947 26993 84797 57797 5400 41968 36932 15455 38799 51513
95015 89882 4695 26786 99166 68436 71958 47450 66446 10119
60451 20453 66997 64646 53992 23410 1652 53115 59023 42402
44105 96706 45633 12523 7174 30875 67748 31183 11981 17146
33355 33238 19116 40650 5798 91076 11289 1798 82970 20127
49694 36444 82056 30528 67916 81247 8353 54228 31817 2166
98461 77281 60016 27777 57030 64595 45158 77194 69002 46088
17265 79164 27496 11739 40345 40160 58033 5353 94960 54840
22778 42395 88757 57941 42286 32713 33459 52385 62188 37305
76585 78544 47218 8041 23888 88358 18929 84388 49277 17812
35927 66546 21481 75444 79340 73314 74744 38747 13392 10430
17655 73696 68878 79862 59855 15987 14498 14596 82425 50401
47678 54075 67861 63404 30124 34383 10388 39573 1139 71883
73560 32093 38985 86775 59318 7231 53815 72880 21591 83324
63291 60352 28351 84430 20646 26076 2667 17309 98326 46887
24895 45817 45992 36179 76687 51701 60932 83525 31287 4578
53422 6768 12123 50625 15171 2569 32323 61879 26239 29831
66057 33902 49019 69869 37690 51269 71615 58390 76763 10731
15198 29748 81904 18113 10325 81769 75447 16993 97150 96635
34943 78650 99265 83574 14688 78741 9877 59387 76834 89646
73100 92420 97297 28621 18323 36961 82556 73543 61701 18569
54021 31159 87106 96840 85290 88940 71229 68645 93209 66344
26773 12765 19099 73934 89240 95661 12519 6745 78365 7863
47489 30863 85924 71739 56704 64210 41762 29072 87351 37201
22343 86039 57465 12620 61160 44407 61078 43405 89705 4069
30956 32439 40128 13978 75471 75463 2503 37363 83424 6458
28903 45953 21053 32529 2927 86482 36279 52944 52093 37284
4343 14442 18428 22956 6495 77269 42719 52384 19053 52569
49098 13746 43318 5067 27240 28256 94606 3773 85261 35950
23502 18691 192 74806 97292 68104 49932 51650 37196 83248
68880 34557 14971 51225 13199 73508 64809 31444 90900 68339
37062 58822 2291 87561 36670 99208 85642 70993 37238 1029
80313 93980 28889 64943 88341 91011 5581 59564 39742 96301
23090 68668 83151 56468 23181 68399 27644 73480 25543 62191
18614 30028 1696 90355 33722 82217 96070 35508 54095 65317
46684 71584 44501 25971 41085 5432 3374 27271 38470 21815
40398 98028 86365 53702 55412 32931 25017 57130 50698 32185
66296 97605 30038 19610 29494 1305 37683 23660 29084 80752
65207 47335 40754 79125 37338 2465 21041 44062 60694 68860
14854 48476 11174 55264 93964 89264 26751 51 41777 25161
62711 12109 63759 95702 22514 78334 7306 97897 66182 49303
18593 79837 34114 31764 50704 18813 4628 50898 64385 16034
50081 27257 77647 49005 82151 29213 79969 1562 71448 90929
24043 56211 2753 31407 95492 84019 88043 44215 40742 81660
40305 90029 30972 79452 75004 9096 39586 5627 9736 25760
86952 18242 86169 93818 65162 3321 74436 9495 27163 50967
91486 26905 43281 30263 9436 79613 46300 40941 41999 45399
73541 78035 19205 27415 61589 79247 35516 36791 8535 76877
56216 31742 75851 57464 26868 78062 27339 4486 38092 35125
33118 32991 85928 81528 53804 89961 17882 65532 51299 70943
59763 21118 36199 72758 25585 53916 40959 77184 48594 84010
72226 15106 85910 49032 91544 68925 621 25310 94893 26043
88780 27870 46833 86885 80968 97890 39147 44595 74786 58828
57313 60085 69982 79183 35418 52970 9668 61307 34646 47047
21896 76963 12292 50857 2829 54189 21557 35048 83399 42791
7985 67877 86717 91772 80030 37433 82699 9593 90420 62150
34464 11875 39876 77170 74660 62645 4136 27057 45794 46208
13857 28858 53755 59224 6803 18645 35380 6892 79544 36240
85509 58404 35114 19442 61089 73486 79483 77757 52556 71239
55698 28412 45683 46368 61795 74515 39812 42562 43019 67011
26396 86005 10124 61163 5442 84563 81546 84794 94763 54960
62347 53387 88372 53792 76529 41397 24420 9956 92897 80660
8708 28983 24869 12842 50938 40004 83458 63065 79606 20207
80185 12338 48556 6569 21536 45778 46707 60539 65769 50535
57043 46916 74681 63976 96823 48831 96632 80203 80516 47823
96150 16502 71204 88324 3245 34366 80775 48421 4171 39095
31258 13248 41014 99123 27297 65304 31909 86347 66643 65923
25297 31989 9208 3511 12223 70372 40854 18510 95965 57402
13654 24832 23804 32018 94732 99744 1782 30558 28998 27410
10766 23765 7687 74124 58360 1184 82910 32511 52462 37267
78188 58877 78687 79337 81767 89138 60032 60415 16004 12833
28082 81042 5854 66284 92520 10638 54501 84353 4648 29705
81866 28953 10883 35004 24928 60507 48609 65974 73823 39556
95798 67520 29841 41 22998 89722 20935 95061 40844 80763
95169 28636 97538 48353 9853 31248 4038 57398 19321 66131
50775 74702 87614 4624 68716 81968 81274 59504 21163 75163
53988 96439 82379 74581 48165 80725 99539 13132 68948 50134
48553 62326 73244 84368 88808 82557 97936 63478 69134 14449
68765 17112 30640 79553 4571 166 15964 8294 18027 22829
49517 95177 31267 83171 39902 22722 18906 90628 69337 80359
68779 57016 22149 28816 45333 47074 69969 90737 69443 83044
87834 80701 66012 95348 42408 68876 77578 23699 90870 40098
11231 55538 84829 25480 18955 63809 54664 6632 91825 75697
1922 62665 31735 73291 63282 57283 15963 22376 37114 65313
11939 21719 5635 12373 83784 9824 90084 79333 14193 38051
95855 11195 49613 96601 62397 77329 19678 82307 65529 45666
