1000
8515 5919 4399 8538 7791 333 2415 7698 3301 7597
496 9988 7046 7549 1120 4059 8369 2903 9281 5056
7931 3383 1518 2535 2848 3245 1506 7223 248 6368
4914 3948 3080 8194 5440 2026 6381 9182 5986 3752
4433 167 3803 6196 9214 6038 6065 1501 8395 474
2859 6067 6770 1152 7820 9609 8428 1774 2780 910
8276 4565 1701 8301 557 4460 884 9361 8901 4108
7000 6180 7179 7034 1844 9598 2872 4817 2858 8313
5058 2998 1475 6446 7214 9561 7103 6261 983 9302
3195 1057 832 7192 3239 6962 1076 3889 8762 1348
6155 7001 8455 9877 2215 2380 7396 3839 3087 764
8009 4323 6557 6431 9878 77 7468 6167 3819 1394
2630 8806 6730 3293 8792 7911 7635 7401 8976 2700
2087 3467 4395 5272 1627 8226 8823 5363 7344 1459
9852 7412 1755 6522 6752 8545 1201 5371 7793 228
1751 6153 854 822 5187 4809 9879 1030 8095 817
6331 9322 6283 1202 9162 9832 8807 6231 9040 908
732 4847 2548 8558 1424 7820 9936 5344 5643 1837
5594 1932 8009 8310 3907 5489 7493 6552 4374 6358
7541 2149 8973 2062 9120 7857 1625 5574 8548 6152
4311 3001 9323 9683 6906 4363 7311 8310 8112 9977
1652 9155 3010 4120 9524 9149 8715 7088 1509 7924
3327 6560 5731 2583 5020 9269 3142 4880 7413 4348
3408 5643 4639 477 653 890 4475 9956 1041 9025
769 4161 9604 8746 7001 6521 2044 2849 1269 1080
8338 3978 9272 7007 8875 4563 5901 2003 603 4685
7962 442 196 8381 233 5314 3591 1075 4576 6539
6442 8199 7159 2089 7986 7850 1934 2477 1626 8373
9534 3655 9129 5115 9438 8132 1759 9303 9881 9196
895 5976 4345 8559 2716 7208 5660 3420 6394 1484
8775 4990 2911 26 1065 6851 2078 6090 4673 8169
8629 3847 8843 3766 4383 9284 1463 283 2361 6794
8086 5324 481 1569 3614 4294 7007 9759 6496 7927
7261 5443 7838 1966 1287 5921 8087 9348 5135 4553
2167 4354 4211 3450 9803 7670 5765 6677 1609 1076
8971 8313 3029 568 5327 8710 7634 7118 9094 6600
8477 4981 7396 4307 1197 8505 2216 8278 5408 9710
2066 7353 1535 585 9322 6795 8688 5975 403 6925
5471 5249 9810 1436 9635 3484 5832 1904 4429 5850
5226 1863 9145 2035 6556 5910 8913 1133 7024 6732
4076 1209 5619 5713 2659 1942 6198 816 349 3176
7702 8799 1190 7016 5150 7546 8766 6166 4263 8232
2009 6640 4624 6381 2005 8637 1117 5507 6140 5466
1082 6915 3775 6678 5062 4531 3267 8264 2355 4152
3605 9697 8645 2403 5172 4919 1930 1843 3247 1914
4683 5175 4716 3445 4722 3321 3168 9721 4624 9228
84 2311 9679 1722 102 7425 7362 1451 6523 5871
7083 4032 9149 6431 7603 3876 292 9184 881 5853
6394 5398 5385 938 2059 1009 8915 6319 509 1402
849 19 9471 6274 6391 5064 4344 4649 869 8442
1116 1800 441 5659 9949 1785 6640 2585 6614 1571
6139 2438 3032 5327 3822 7269 53 340 6800 117
5311 9262 9350 6092 6504 6860 3945 8131 5751 3358
1499 5864 3845 528 4751 4096 4143 1217 2320 824
4600 7732 7367 3307 3029 9610 4040 4784 5054 6692
6921 3694 6421 9144 3524 1872 1333 2079 7594 8154
6312 8783 1410 9043 4708 3201 8590 8651 445 9277
5015 6012 825 2059 4375 9025 7315 3029 6609 787
100 39 2014 5906 6893 444 1168 1446 9011 4546
985 9659 8032 5296 191 7343 4494 9366 3288 9758
6042 4152 708 5389 6188 5043 4237 1522 6413 7399
1055 9595 3749 8055 6750 3616 3148 1898 7531 4508
8962 89 4525 8233 2704 7822 8538 5738 4863 1197
1919 8367 6997 4704 5305 3214 6626 3125 912 9104
1457 4238 790 5358 1415 1595 7980 2330 6615 9878
874 4806 6939 8849 6253 6778 4189 5761 4439 8884
940 223 796 7826 1146 8 1437 462 6328 1046
7362 3963 7725 9928 547 7380 9205 2670 7477 9334
7889 9177 526 1090 9494 8887 5210 4276 3187 9399
1853 7693 6402 6556 3466 8265 3502 1401 7768 7022
3445 6710 171 2184 660 3389 6308 7948 260 4928
7185 9325 3374 6306 7439 562 932 2281 7304 7046
4514 8826 1894 8402 1063 624 7203 3485 4153 7016
804 6391 8305 8526 6666 6258 4396 6235 7738 2644
3591 6630 6957 2550 4443 5282 7247 4816 2782 3739
3682 2503 6879 5351 6511 4148 966 7395 2002 336
8663 8826 9195 2876 4127 5271 4534 92 2784 5451
3116 3177 5418 6134 4805 5437 9077 5919 5821 8296
5754 1693 1602 5420 5158 5421 4670 9040 966 3105
2075 607 973 2184 546 1291 231 8437 3941 6513
2919 8548 6768 2699 3007 9864 9638 3732 6024 4620
7326 9231 4207 1910 7795 6685 5168 7033 1038 4729
9824 4492 9843 5410 8800 7864 723 9148 7751 7089
2152 7287 1160 1238 8993 3630 1008 2800 6513 8133
1448 7667 4777 3094 3106 3590 4340 4566 944 8654
7159 9485 7789 517 2432 2064 1539 6605 5655 1361
7852 5216 653 5621 1662 7596 8503 7979 291 1446
4373 2424 8076 7013 3098 8540 7490 7975 7030 8463
4517 631 5143 9762 6689 6599 664 3478 663 6147
5648 7441 2437 1585 4764 1175 7398 2724 7350 167
9289 9315 6294 4114 6849 8572 4675 5859 4433 9446
6246 5175 8182 9115 3840 4278 2518 1341 556 39
2623 776 2185 1193 7366 2094 5762 7575 3684 7922
8355 2350 7830 4906 2231 7563 1078 3011 7418 7920
7506 9131 317 7654 9283 2471 7528 582 525 5758
7310 3995 4246 3362 7237 2914 8162 4628 5502 2418
4205 8350 5046 2240 3481 2183 4257 9628 3086 9040
5310 3621 3741 1010 1400 6272 7478 195 7092 4129
2801 5004 1808 6340 642 9903 5069 4087 8231 6410
3532 9785 9541 3196 4086 3426 378 3550 4312 7787
