10000
54943 47234 7120 5 88033 87653 36446 84236 14624 18619
84896 98814 35112 27425 1960 11193 81508 86016 83277 62843
27997 59640 36346 69642 34827 39594 70252 96175 82292 80786
17375 87843 61052 69457 31116 78362 72621 94164 67820 77048
59585 43993 53354 80222 28956 11995 55232 44153 54034 38951
29690 3124 40271 92823 89775 15536 18812 42652 45333 73413
87788 52127 98625 16220 55850 87723 40414 48606 55093 9022
80455 73511 81178 84735 63649 16997 87371 56938 68523 39240
6134 58149 58223 97323 97040 71172 55871 49758 22985 9944
45937 70129 38038 91201 61158 67820 29705 61338 606 97454
96039 40650 38636 75508 53686 47976 26745 12516 66857 72800
60793 12313 59154 68980 84544 85992 20302 54530 27174 77539
48037 15260 27160 572 71764 26588 77887 41160 89071 27461
41328 90405 8774 3071 15332 32269 34895 58952 7324 27086
44827 98015 62644 99258 11909 44240 19275 58820 97720 91979
12380 60884 92656 98199 31848 34412 14663 76519 43961 92335
85496 96503 24328 68712 91461 39433 13392 15469 1335 12666
98102 31168 57984 78683 43758 87341 82181 12063 48555 64116
27242 57871 70034 6165 1283 28332 77414 62457 30289 41161
16706 78863 69626 72546 36531 71354 84245 70550 11730 19329
8546 50548 19143 83598 65698 73361 65340 71548 73230 88830
39612 43274 86741 12864 67221 76723 36865 94363 67655 87377
95925 19905 80566 28540 70206 98751 8104 82010 51382 68436
36521 85710 76321 62115 42180 34812 38389 82844 57557 35941
65290 37082 71321 90251 28636 89962 63255 30466 78611 18287
29568 39429 3469 53649 37044 33279 98089 27766 55528 1032
88363 54840 57393 54212 98970 11630 39928 55067 70901 4954
21986 59999 32079 48426 89781 36036 99525 5543 18373 82461
44740 94552 75165 17178 85310 92082 19645 67963 75234 17136
49656 42415 54048 24780 8615 37273 80566 89766 60402 87664
20887 14320 59045 49970 82301 51451 88871 58125 84812 95400
27425 92538 40243 54217 88292 53216 65206 85972 33818 34290
88713 49717 8789 55774 27792 95081 35291 20263 95201 90260
26231 27172 72182 67170 20446 95216 26148 44632 15824 14993
78335 75771 78566 77884 29630 54115 36444 4893 34165 4451
21892 29624 69717 79083 16733 73312 91576 77906 64548 86587
72245 11579 58979 22649 23184 31108 86625 49562 66806 54244
1791 5564 76999 29380 36946 50644 34690 91011 7580 70031
51321 77296 53026 40840 97553 99938 65872 81795 37134 79296
1735 67776 6591 83576 28457 5865 235 39908 69194 37644
16961 17269 17405 53690 400 16468 53406 80515 57238 40762
71943 27653 69818 62219 38142 63169 28657 43521 25232 19525
98083 22700 51604 18592 93916 19154 27042 44524 95998 73292
38375 86256 40296 89312 53350 17618 35458 10827 98161 82343
26874 22480 68872 3702 87681 37150 69871 44053 50591 98026
33547 98311 7051 97516 64511 17120 90933 90921 68991 20489
32834 61718 75443 80695 18002 77503 25928 24462 6042 60841
19502 28727 73737 87687 18622 61765 23704 17523 87495 51987
61050 54001 17328 50445 77808 32620 7600 89868 644 32856
14761 33002 51186 16167 50171 46115 40280 98415 7623 29682
67604 75516 27478 87610 26256 34481 59180 18795 18322 98559
66887 70366 71864 74769 33925 671 12392 94906 60999 61863
82593 66965 20322 26908 22952 82922 23265 53868 22842 60969
82669 1549 26801 35516 2591 84878 33905 46693 8079 85835
59493 22554 35449 16338 38004 91827 39596 63158 33239 12818
39010 31753 88124 54943 11473 45878 89870 23363 73813 52856
48417 74345 27617 30626 86132 29199 29491 91962 14958 58047
49216 33739 33577 71163 12061 84647 11585 25266 82575 63475
40314 24887 36300 71899 20628 74832 83165 10631 26890 18741
51720 25878 33257 80894 16899 64231 13558 13653 55662 38430
29241 41319 44669 83897 1212 82684 72016 16481 20870 29175
21137 85562 93238 53267 99093 53475 20806 22686 23807 22156
30560 99973 55152 70976 18636 14048 53396 65918 37140 729
75114 49588 75889 22503 71512 23954 98197 94345 36964 93323
74272 62055 66660 43703 18414 2265 21361 96568 76914 39226
64591 89937 32399 2420 32978 7782 87360 81227 24005 99946
64661 68080 37080 9076 16096 19963 83633 48536 61368 9589
89853 55794 89362 82225 51701 79499 41163 81885 66016 45272
60023 61500 53806 85172 37281 45676 12211 8871 5264 71754
80206 40749 28257 95189 79698 46466 20872 8599 98549 24971
79480 90357 14870 47506 46869 68236 23052 83840 42846 56353
11101 67787 84270 99550 56151 18999 86808 38352 50449 56100
87722 89759 43623 7416 54049 24412 88712 49863 43794 9006
9222 84012 69080 74376 62382 83903 69686 64280 59815 43878
42998 17662 20981 81520 92113 38065 77056 45718 47695 7861
13314 21966 91148 12098 36599 23157 56767 47010 81158 3496
18765 1632 20879 35560 75393 17441 38882 46116 26873 50597
16463 15000 6452 84098 42534 3174 64585 63041 11996 91011
25145 55204 76900 75943 29499 71252 37755 99777 59381 14181
14055 50322 82761 65941 12823 9386 98196 60705 21922 99804
62663 38892 90908 17799 75473 23782 26345 23856 56546 13449
20809 5169 1230 34754 55207 15839 15782 63247 62560 47153
37731 73102 18100 79619 23591 44571 25254 20855 42698 22958
62 39007 50462 92739 17567 60050 26883 3203 72894 9168
56940 57886 27010 41311 98268 59042 52587 24137 28555 80558
68898 7699 90155 27956 56356 39587 52647 32495 71082 61647
95423 17918 37806 54990 71856 72992 85431 83679 54193 60751
3751 24306 74047 96240 42109 58608 67202 28541 41185 49345
3433 70024 87632 15846 32118 25976 7944 74944 2659 91182
72746 15479 25080 96512 65549 30093 20613 8199 81127 36738
74728 5257 57763 84159 45736 86350 14927 50506 982 86455
63379 12347 49591 15753 78170 82510 15839 68471 76738 89524
50451 87754 24029 98832 8451 14162 94512 56575 31690 90008
56989 70376 61760 39520 12250 28406 74723 95664 5914 97949
72941 98497 59220 37743 91265 47035 9036 4568 74923 46870
25051 33874 64690 59152 76875 26668 81265 23072 56689 80469
35234 93579 24120 60814 1635 8854 29192 21612 88818 77902
86463 47599 173 57681 18879 10204 34263 71253 63431 99328
93989 3749 32330 17854 78647 1289 53206 3156 14078 89511
69785 70420 35585 22995 70461 56315 75901 74611 26426 78330
26186 74714 63226 15064 31915 14105 60081 55817 57462 31791
69804 64000 3298 18874 78845 48231 87944 83216 81736 37395
13151 36101 27158 11542 15284 81669 3858 49159 68439 12723
73831 13191 45598 42341 27435 13113 62925 29733 30552 48430
29315 90946 57413 60176 98382 20228 54384 91280 73311 86280
59790 84134 46333 9098 12762 24257 64073 67757 20127 72613
97590 37239 14523 16012 61681 3275 29212 4906 71858 58186
35459 41005 49355 37835 36897 23295 84674 20054 91940 60379
48340 68283 40118 9499 93933 70680 41087 8151 32901 94568
96119 22907 73284 48852 11046 51884 5181 22918 76890 82214
84649 49521 89851 21961 14698 21311 5839 97117 47135 75885
26406 28608 32240 52643 42716 81709 24605 16233 22100 10814
12928 35974 7792 6203 79173 8443 16565 86276 8208 11245
61329 68639 62891 80021 96099 96524 11548 7867 79335 93202
44886 76580 78266 66349 47588 42556 91635 86807 96223 16632
51188 21694 39526 96817 73269 10572 79752 35609 71054 35129
14494 49461 5230 47840 17210 6979 46340 93074 31699 64549
45555 75373 30833 53361 62281 3879 43085 60153 76805 69373
81763 85532 24098 90940 21288 8326 20913 2961 52497 32205
22489 39957 14647 41665 37452 16754 45649 48479 49916 94491
14041 66867 46318 69196 96299 15846 21190 18969 41309 10662
40847 98257 20180 71647 76878 73253 94027 48519 82386 51171
44985 30873 73040 67939 6404 91504 92332 63821 97045 88189
85818 94508 11063 31702 82650 96449 40651 13086 84394 49485
11469 71568 90889 57295 92286 76041 50822 96732 99783 87618
10722 70827 57031 68580 50262 37024 79886 3841 33997 72204
59408 5139 80126 79053 80355 75222 45355 34598 65932 19599
51648 30982 67161 6774 35387 61030 21633 94407 82405 56720
90826 58462 23387 97351 47810 85154 3285 66025 27849 11408
5682 48010 73297 28509 8448 32597 1118 95784 70580 1265
96484 46406 1757 59303 89116 5759 45935 95443 385 84360
18230 34657 58659 51907 70351 82935 67992 46817 24010 49713
80942 26471 4047 73520 70205 17415 23367 69506 15660 81852
20384 63703 23584 77064 26262 78175 72964 47738 44086 83667
40205 57713 54969 41920 88024 37249 27150 18513 16866 94721
93293 58923 67959 17487 78491 85404 35932 65693 6878 90386
95904 44901 88300 73271 75068 28704 88135 91812 1975 90828
13167 76715 48128 97771 4301 88677 35901 7623 12958 80735
24471 18484 52144 65643 1091 10768 55473 77945 98968 31684
47830 63429 34894 77332 29904 24904 9960 38065 5469 2504
44826 86198 35096 69199 27441 1607 82855 77735 35521 50421
33645 3937 58726 54726 97912 93119 86184 17135 87824 31266
43869 93021 44368 30762 63294 35379 18380 41583 38104 72529
60171 73223 78344 17238 52198 40056 3565 47358 27154 23380
25360 42697 49852 77118 57556 10599 5482 90947 57988 83585
29066 64550 49638 26410 31376 39798 90896 47020 25091 83814
64791 66156 31648 15217 35268 63717 54020 18269 74930 86499
33551 95233 3150 71580 70052 65908 86025 12328 73461 35174
40416 69947 32726 14260 53103 12420 32915 99578 73120 44887
25138 84097 60388 80719 55508 605 76997 90939 89148 73590
88856 61138 23176 87094 4878 79685 68617 59544 18461 78746
95375 53394 31794 50543 76656 37366 37295 65265 39667 62121
2523 24177 27931 6399 54966 91741 7241 99981 91347 63908
2028 32261 42432 46292 31875 10791 8793 35518 28889 42839
45586 19822 55856 74846 15117 40848 12346 39565 44831 87591
11376 28773 25298 25563 32758 30624 57931 99526 10918 45005
15306 86486 94775 17740 8393 17180 25149 15024 64410 28893
11240 93161 6645 60207 51835 5515 93303 49152 39241 28505
16285 50259 4289 81555 82782 43100 9343 62093 2651 65200
72879 16006 82783 65555 13993 16421 86001 41505 38101 29219
46512 91338 46140 2398 46538 87758 38733 28221 49443 53217
4060 92006 53575 97134 23597 39507 77954 57141 3421 66008
16087 71741 40425 54576 97369 173 62594 68356 76923 96736
40371 32368 34156 41505 52229 23937 97943 27083 1655 27728
32062 1939 25109 1286 8338 74865 877 40038 66948 92240
67299 26931 13419 10017 85510 1170 30085 95739 36608 82982
86112 12400 26083 46885 14673 55582 79375 44631 88449 38070
51576 40832 65366 42009 41599 39179 95310 87673 96533 45275
75548 71 15426 33253 17677 89820 13430 57702 42136 3151
87006 79839 47680 37360 28783 57446 12677 62701 76747 81778
72686 39424 46537 31464 84502 69571 87964 53361 30703 77138
27239 73408 40697 67330 4956 86669 4370 75902 96519 75145
32670 82965 6512 54295 75784 32107 61381 54843 44066 65352
85877 5089 89448 57201 37836 90786 95805 6884 93173 34573
95587 26980 18378 55039 76998 48649 41317 36650 71114 49008
32836 66124 11527 94557 41423 68266 40502 86038 81094 4826
95027 84789 58730 83662 43829 98345 41217 62289 62058 3981
5052 19841 24265 92848 81485 14531 68223 24508 8776 39913
32260 91916 29859 42520 96997 10282 28420 65944 68709 59748
79385 41954 26039 31442 768 57953 14348 49225 33063 91891
12744 65331 39596 20699 17657 57102 16686 76353 83809 84140
26007 44899 38527 465 13173 78062 38567 54636 56391 14514
69961 52311 96906 88444 876 327 39016 36753 85077 99163
71588 3034 79299 1494 55286 76415 81674 8600 40145 96427
20368 33446 26655 1240 21625 19596 60168 95928 64684 68413
53242 69881 87371 93564 63439 98014 40614 91456 15132 19156
2774 88976 43028 96780 55365 5790 52408 32210 90600 47482
36498 18482 68191 27902 64905 94236 63888 4388 58724 81342
55502 97869 97716 67388 73487 61397 62838 24736 2631 55247
3469 41535 59007 84509 32830 76913 82046 55950 97368 42483
75469 14958 36301 55393 2748 30472 46044 4325 92904 6085
90904 19171 40639 8878 56211 37544 91175 24035 22969 16878
84617 62936 54143 49512 97287 75170 21847 33 58164 40782
72007 99031 37445 48089 18467 95535 1194 94513 82036 91558
1138 83140 41648 56522 21930 26096 44591 46743 39493 7322
30654 35756 53569 1983 61102 94933 45193 97465 7527 50655
75505 11829 47918 84275 86202 59576 37709 34127 83872 71693
72077 5068 90566 37247 32461 90342 21181 97118 15007 62986
4572 87011 71607 99582 99804 96487 55187 57838 71507 83532
50106 41307 79083 60030 85766 49481 3299 42541 76981 29583
80821 44894 8172 17547 42305 74375 80107 80014 52923 81642
67715 46609 35498 6042 95382 52308 15955 52592 22204 93437
68335 34680 43799 37625 52386 17379 59598 17981 30565 316
24922 84857 23273 86126 5694 84714 11237 90803 80299 84955
22166 65624 87885 65998 45184 16833 5312 57475 981 28901
45987 4081 58242 19920 12989 8456 27633 83586 6164 13398
83470 1227 78292 53790 60164 39436 58954 29794 45640 84158
16390 27212 47152 442 7425 38318 36255 48565 73448 17063
89169 31884 76466 36233 26379 99501 33424 950 21030 77737
99233 12870 89513 58379 69419 72461 99631 28818 21767 52984
31818 89448 93067 79064 7112 67055 91794 95233 51925 99463
80502 15337 4135 36285 22732 2442 77610 73448 78401 40661
93019 14954 48909 25267 51592 34438 18637 15532 75521 91123
13017 65928 63730 40096 95039 75615 15016 65164 51818 73629
51875 54083 80790 87693 37832 30541 71104 28318 18645 55093
89963 56644 33535 8056 25944 94420 36390 71424 11727 77597
38895 33971 47226 51193 37618 53978 70731 52395 15327 27371
80509 31336 13133 25599 92173 14508 54553 87182 28196 24501
65164 69615 75090 31551 72261 94218 11060 27340 87750 45486
2364 79529 74528 18659 90116 46736 71635 44457 40972 7953
6760 58338 14876 87851 55951 23089 10994 39987 19932 58248
88983 83635 73952 77570 26886 76732 13879 86631 69263 47441
65056 46698 39549 99825 42414 68071 39181 55382 50475 56419
32693 91463 90029 98951 22748 90061 94688 43813 52027 16011
54951 95697 29868 2341 20 23428 70777 32330 98327 51165
49158 72765 6608 83834 20059 30961 44275 99590 29250 79292
95003 27303 37610 15312 40606 15477 14588 2967 13683 90508
13411 70983 14945 96814 26747 28191 78741 9112 35697 92378
86048 8023 7267 19202 18006 14159 65884 60732 15058 83008
63052 79439 56881 73145 95922 92705 6473 13724 80307 25405
68141 13666 66597 3679 93600 74624 98075 31676 32976 92528
50281 54901 68251 58409 57346 28711 85527 98215 26669 78603
39441 23434 66786 60080 38200 99606 5000 258 30875 78203
51083 30766 10005 78821 71285 2091 51964 53299 72937 3186
5202 11100 64057 97007 2158 36181 44699 22550 14502 79602
7157 7057 93341 69206 70686 78226 36107 38011 53078 65598
77 36288 86176 32725 38840 58836 15370 87278 72447 88570
84107 74974 14644 30310 93637 74991 71262 84518 45497 79490
92698 89766 19628 57942 10413 44801 14587 78118 12434 6381
77943 79962 16115 47374 84746 75959 77708 51186 79879 82214
37823 13138 86122 68137 39400 17230 93911 49429 70580 57574
91092 39044 78694 77782 61342 13818 73553 8745 78492 50700
88329 95470 50632 35790 94548 17040 22667 51869 74051 20245
28915 5633 35241 7080 98342 64581 23571 39057 54231 35278
16906 47141 17335 29685 15263 65143 16980 34306 31409 36521
38137 18087 63881 79803 84116 89328 87220 36208 14348 39308
25566 64568 24597 90879 85220 93264 73020 4001 9394 86648
19612 76970 84067 34309 38894 22072 67747 25540 86087 87435
39878 28484 45558 43043 62753 53704 66997 48221 30004 45300
99542 70297 31086 9181 67004 29753 95661 57759 88370 5848
94365 23057 36917 48513 63175 66127 48567 7272 87439 89653
35508 5988 28611 42767 34660 63451 1808 92339 22198 84115
15562 23405 55171 20753 66459 22862 59113 41359 40845 95240
66627 16303 13371 57068 26049 78588 47879 57260 41598 99981
99962 74930 76838 68855 92521 53191 51779 51786 85740 37746
90652 70249 91099 2433 32134 26209 85427 60427 96742 65956
65439 79403 17121 80254 45819 41732 76145 647 44626 16654
64999 66749 18645 40376 68855 7372 8282 32180 11252 99587
26700 9872 39996 44061 81112 6279 17132 22535 45503 30017
83492 83798 13501 58374 4338 38260 47763 97901 66766 28008
7907 99192 91861 79200 82906 66339 44967 36678 75836 58666
75983 26930 88928 42607 98262 94776 35151 14978 19474 11666
58851 85380 70688 58992 82483 75119 40988 48533 9037 62762
14087 53957 514 82355 20671 92257 21628 59291 65651 12056
84896 50999 63005 16903 58382 44821 12569 76011 566 53873
82906 52319 68168 43162 22318 8337 2234 12853 6073 33904
35377 63377 42092 76839 78796 67884 99630 47364 41536 81618
95894 10283 6448 24862 74054 75076 37364 86397 32811 43370
20266 7769 22415 75720 47556 25183 4980 95174 39006 65453
87951 53799 55559 15211 78761 50166 2909 8439 75971 708
40583 6401 7636 35978 9259 76178 51128 13973 64149 9270
20353 17041 55469 60095 86056 26323 28409 25731 2817 48236
24455 32863 52404 1211 53518 45673 77265 57703 72074 59259
70271 76442 46321 97203 7212 52949 1378 89018 57058 62548
57619 63456 81719 69395 33460 57064 41758 27536 50285 3843
57464 5494 9647 41511 35704 24670 25486 42648 62155 13574
84827 54821 75771 44908 79284 12856 87790 40542 96640 68516
81073 653 86886 68093 27286 37583 20341 96835 89152 72440
36789 589 32984 83004 44064 89715 62678 75220 62113 28036
555 87357 24275 10503 82690 25859 41369 37242 6815 74985
6170 98776 69368 18515 65923 97474 54973 61133 18788 43668
96376 39516 96450 81361 5814 68756 79601 18091 89778 78390
55604 56279 98353 54180 68350 49242 27544 16683 29207 34082
88451 35741 54888 25782 80666 1209 73195 92080 58933 44548
90803 67092 61901 33365 48601 3155 79705 41521 99578 4970
73143 31166 31840 37908 21392 69823 25063 53195 67459 45624
72552 26719 51020 36851 23013 65311 66790 38124 96284 94618
63248 44906 5468 6057 1341 50428 74258 6856 25661 14697
72739 86801 61669 23962 7511 88066 41661 70809 92757 40398
79491 50005 97652 2902 59446 83284 12564 35839 78224 57443
1521 11056 80613 84454 11700 58100 59270 69716 91999 34527
46885 5161 32255 3565 15072 87597 72247 52 8488 99507
45360 66428 84941 79451 15633 44577 2694 52284 38869 16455
94684 85614 28614 96657 96035 88208 36003 93504 46044 68527
58839 71689 68715 27113 79733 69186 46959 65264 95740 43853
44730 54231 42642 51062 98669 24113 35873 82664 96213 99719
47063 29768 80683 31820 10276 67015 75520 46550 5226 94455
99610 63167 96117 14610 53571 10923 14216 66937 92889 9505
59882 89678 67965 64330 65467 29937 3416 67888 4386 76848
9377 91427 53596 49820 66096 97453 16855 34088 99765 2825
94312 19206 72328 74681 40366 62588 40893 46982 86187 69856
3444 4181 15886 56495 36683 90295 76046 31212 49113 66643
67197 20363 17926 59562 12737 34994 51726 10587 25963 67236
22851 65940 99052 91235 42783 19565 19198 35238 12081 54549
76575 86149 62294 11448 66417 85565 21477 48848 3193 77224
77205 51439 58725 69775 81408 83946 8075 85925 39874 85451
17104 79257 55933 47960 33846 13405 52605 25497 52181 14774
80440 75594 756 29607 29260 43726 72726 38977 1237 63047
52577 11153 69961 56751 15156 99769 45620 98414 69025 28411
89903 6902 91303 37416 75930 26708 54448 7127 68285 72057
76717 13299 6120 93654 37560 15012 8387 60675 86772 23186
84338 37379 41976 48679 24796 73692 12829 82935 70050 22162
12332 21322 98802 39895 15736 99489 59222 33361 5724 76517
67987 56447 98923 65085 36058 77672 83272 78548 41004 91166
8353 37545 54832 57860 61535 54644 53581 28236 31607 94551
80319 16096 8574 89509 6759 63960 93359 74790 40335 65046
94407 97556 53372 84218 69508 43862 68917 50849 30639 23214
23794 80253 67238 47839 43643 17129 59013 44710 6966 84440
43264 42368 45618 64175 73666 81717 27720 32669 57533 10211
95634 22442 86849 32253 86407 84989 84652 5101 45029 84495
72872 89228 51860 61147 30293 84825 24753 64552 50041 12022
23693 72667 24858 21399 81155 79766 85365 53494 4960 58115
91660 1256 52017 72375 31775 67803 51186 53174 11886 53301
61339 16867 32648 49443 86791 52189 33608 67762 36398 81314
53378 78865 4911 42810 97112 93700 75596 36985 24772 75099
91648 20379 73805 28075 20606 35413 8038 80748 40745 13698
40971 34271 11341 97028 16120 29755 49728 78820 39632 52953
27256 80520 51160 73328 13497 42511 87793 93156 43501 27049
42839 64417 56413 2007 46329 16502 55434 98471 97370 26137
68879 12726 59775 52419 50023 53687 91912 54513 39431 20557
19295 7269 27641 32289 74155 30959 98367 20386 20092 55268
2771 39621 51868 44864 13914 47479 10516 24087 37142 52400
82142 51684 6956 33382 55154 13035 83810 89047 95132 16928
75345 82964 59143 6697 45693 13858 12022 21430 43797 54249
25999 71935 77088 69159 42020 28300 80399 47686 46204 51132
81668 54592 68112 36933 45737 36476 38830 89576 85500 97658
56370 74486 65667 94624 93462 59866 88570 84671 48558 196
43737 4334 84688 71244 23353 46264 22816 22938 54279 49397
56411 76728 73937 16573 32180 57413 82190 26219 98270 15951
34210 10258 55704 69356 411 29113 61411 56585 8637 86485
21955 85152 1126 91513 85889 22249 84134 94026 89643 66256
21689 89738 36966 19787 26555 16603 95144 73803 31306 40954
72566 3809 80316 62626 1703 73802 69477 51973 89146 41380
74664 68462 10056 58298 52212 527 18272 64763 65101 9372
15253 82905 87059 55658 71138 25082 63498 37271 19453 46087
62920 68871 53310 84819 35394 89428 35433 60589 5714 92681
96954 12026 68007 37270 40603 92394 15868 8200 82826 64136
37470 69418 66275 67619 28676 68408 49264 74274 28806 28097
31961 72719 63519 88738 10478 77961 87162 43061 59459 98399
52989 41627 31380 43085 3811 32177 26499 2625 67905 36670
31232 91045 65447 62808 44711 93129 79253 93010 13376 21958
20273 93124 71678 54779 23067 35615 43306 81807 39420 37506
91847 72236 59254 72084 22353 34438 77193 25155 26054 23259
40390 31605 29250 26279 58663 46070 54445 43066 31496 72729
26836 56688 48137 3523 62530 85136 46817 91584 56171 91808
76995 17175 45172 28841 94610 87179 65321 84824 34435 45970
28245 9307 45965 65427 45093 90523 49623 24960 92744 69881
68667 88548 68958 87019 18775 35183 11107 62607 92126 1467
59465 42576 55678 50753 30522 47097 94373 91868 28375 90372
69180 32284 62966 63181 27159 65540 62805 99140 96142 60807
66763 77744 20155 43641 54641 52539 43389 31314 29421 31119
30276 13550 95481 75175 17167 50054 86497 33443 27144 89910
84377 68137 43616 4752 36282 86360 30710 67543 20643 41963
8787 1869 35052 30464 42039 72843 78996 59905 71705 90040
82656 43865 33286 45305 89286 29402 29011 13861 33217 42282
87872 5835 68095 4636 34675 67122 90687 56045 6874 93463
74457 88074 3321 39669 74052 84393 22654 77123 86977 43877
50657 77004 61927 52468 85732 74116 24603 61072 49547 96779
51325 21394 15922 31920 58325 29383 5218 31327 90354 26821
33748 54970 86063 15594 78142 90354 69607 46338 13162 83060
68007 53355 8082 62957 82028 21141 21561 52997 44689 84306
17844 3082 85991 82342 38141 163 85026 13423 231 67587
31388 57316 66584 81604 36626 66465 16727 1036 33465 56472
83113 27312 75610 62414 61411 86361 4191 65844 85908 51318
78214 38812 68645 5555 75915 95885 36925 79250 61444 92868
68014 79506 77085 61863 12105 73993 65042 26233 15068 81139
44780 96243 1014 66090 72038 6337 51361 40987 83837 18446
21913 20525 90140 82175 72306 89351 7333 12387 43285 96536
41243 17433 6372 4170 18181 87160 27821 82083 31310 28841
34122 58751 16618 21284 39895 9630 97899 42653 625 88508
43331 15889 82536 84865 57599 7138 99741 20831 93016 7230
54912 85008 634 23968 33809 37241 58108 13928 46346 8354
4914 86405 77244 61971 87460 19326 7876 81669 66789 37171
97565 96103 69735 14340 67374 57107 70773 83890 12359 41414
76282 51218 79246 55267 45503 34998 85717 83060 23248 83574
24717 36045 78204 44006 92633 25251 37708 93102 3734 3912
84919 75013 4900 99048 37564 28358 84481 79267 58774 27348
77008 86426 59992 5994 1540 92493 43543 82254 35568 29741
98185 49848 18705 82377 4772 59473 772 20752 31186 68266
97466 5509 95742 96652 93403 88321 56538 95052 37176 88327
40520 89447 5917 28947 60558 44446 77928 78423 81378 55210
41107 49272 85963 55507 82135 76775 62833 8164 46870 14685
81644 26293 35858 57526 49587 58948 588 23191 44335 63239
35870 6961 616 76420 21635 48659 86946 96119 53492 38321
46695 74618 15539 22607 93334 33971 91204 64093 43602 12760
78304 48663 44266 62398 73053 32418 98281 21179 14402 68824
24348 7609 34873 59256 90231 91087 46975 25690 44682 17623
5325 12951 35373 91043 23727 89771 41019 35987 93792 32832
64673 98040 47056 46044 32168 68441 26114 88502 14787 56080
81919 58876 48435 67881 94215 11435 52981 137 19955 59467
64851 88045 10603 55549 83610 8398 3378 24950 98955 81286
83783 68367 8400 70676 37164 43284 57907 40838 55593 79427
37822 85876 43028 83090 44678 12963 66464 37580 75803 26416
33736 12562 58105 29360 39644 53800 25054 32479 11237 36595
46554 35245 382 31166 85274 24009 17151 46282 99981 13475
71095 88653 41495 43319 89126 99898 90132 30115 8538 10353
64835 66211 1569 79536 93665 51838 73982 76802 72931 44501
94275 92517 57954 10547 52425 60019 22304 67842 17477 11727
94337 15611 61846 88916 29932 57721 46810 74015 8582 39109
18524 16722 46300 31534 46731 80793 3328 24458 49428 47050
27174 99633 85888 69983 12273 93840 67703 250 76391 83220
32975 53446 50869 54795 52260 26705 56906 65989 86568 39035
93294 31385 97495 98680 92377 17410 17470 81422 10466 70315
24140 37396 6552 50532 27079 30817 28867 97399 67275 56952
72714 2217 50293 73752 94929 24771 82505 31735 70462 48665
56469 85036 54772 34216 36324 18969 72085 94158 26945 35047
84034 87031 71686 93034 5797 95880 12655 21497 27576 35785
64784 73200 68103 12720 337 19794 33826 38392 14066 51419
82553 90954 40857 71168 93511 99867 27503 51806 27161 24682
18169 52676 17570 92166 99113 78463 77736 53915 62420 98249
13987 27504 90773 33278 39420 88217 35709 64901 48331 85528
60318 10337 63664 68765 44039 63260 97751 19751 1957 98598
72938 6749 53948 96547 33204 93629 90013 49466 40420 60974
17360 77149 89681 21671 42005 90902 96940 42579 33154 14929
9181 15978 42087 94715 62441 59742 98980 96410 66227 63597
90863 28673 24226 40279 31822 98974 10659 85085 72588 50078
9249 95020 60839 9219 87489 49665 55774 22440 22726 9848
20997 39614 18585 47376 68218 61893 50322 79302 994 62588
55931 43602 12465 44997 46187 19632 24009 6198 41252 66367
12718 34562 54104 24181 64791 80526 31748 1792 9227 5136
34010 49018 31584 28915 76723 98107 41143 74799 91163 41670
66430 23229 54859 3597 83888 74899 30218 50885 42348 47235
6905 88887 32027 14381 81477 80287 60910 37275 23552 28948
43674 20336 71574 73825 78727 74363 73256 45213 87443 61423
35872 45911 16372 46837 79766 33204 57960 85794 94828 94127
28234 27717 84141 26046 50949 30169 41595 57399 36838 35913
51008 69273 13912 81705 13123 7529 60143 75409 3824 7305
13422 99288 42031 86969 85325 71575 98922 6998 85024 25903
11517 30736 67564 48750 73096 68641 56793 48705 60555 35351
57364 18223 24488 99814 62536 88451 11670 62700 84896 70770
11555 52471 85663 24923 18531 91701 54904 92869 79867 48665
99754 89980 55654 55671 30679 50752 51515 45280 96814 84886
97449 28282 10608 11422 36885 13187 19255 3552 58912 46005
25836 94780 53565 31189 36606 68335 95198 79911 12534 76002
62160 20164 32977 10030 82357 94750 37302 82307 53762 67789
96274 48698 26492 58170 79217 53259 48865 19236 25212 56973
73610 87988 97046 58735 92466 34236 95105 12483 17422 50386
35132 93714 55136 35888 48481 71036 27375 46942 46482 94011
74819 1622 1513 17192 44157 53370 36555 42112 99121 71692
82300 73893 14965 97860 56277 57240 12863 75597 42000 77751
65786 91930 97806 88796 60662 1821 4839 51676 32959 51649
71537 57316 99295 61273 48011 31453 1296 72146 67893 12088
39629 19832 27474 27925 21003 43285 32395 99561 62867 377
90678 31419 695 19404 7539 61694 20886 79701 42222 90054
98750 80989 19989 8385 55426 30685 53457 18573 60273 51209
16603 33118 95901 85143 32073 19338 71945 55161 77819 65965
20593 17710 92648 22135 32006 34752 61890 83099 90996 76179
94213 74413 57649 57086 58512 16932 94081 8662 35817 38626
77095 79250 55349 36055 52237 62981 26132 78285 78597 57405
45962 89078 85662 58670 68098 39391 13655 13046 32674 31550
36968 56978 24629 58866 76705 94350 2871 80076 92764 79274
56396 56639 8536 95478 82275 62773 61981 49228 47702 93018
95717 21743 93676 60221 95713 59179 61468 97994 63288 13515
74663 56031 58327 86056 89334 4114 82986 66767 32864 41182
84619 7274 87908 39566 44269 13152 42202 41264 82774 91957
17164 63116 60404 47492 8688 60769 67898 67920 22013 47536
6888 15581 59272 63567 35895 89764 23055 43168 14464 181
32260 33717 12436 58502 7542 78258 63995 68116 72812 85736
36808 68087 36546 77706 55471 66345 62047 18489 65393 79246
9370 6872 48405 79896 33254 31822 4548 46007 51200 72077
95888 89579 53746 50089 7650 45302 15026 34439 19569 92339
75849 21708 96081 85048 13839 18686 97825 72155 85562 88894
88896 91091 24126 23587 64383 34377 2387 46697 50967 98403
26673 65645 39669 41381 8864 35501 94350 96924 75696 12676
42135 12444 13302 36114 92649 7437 12315 88947 51849 75726
74244 61589 93135 87877 63383 58474 23594 85239 40170 64929
36397 95445 91692 18154 71754 40716 82955 6797 18280 54940
88562 57353 74246 73247 28600 52393 53882 8682 24842 65596
67776 84589 13749 91618 28372 48427 1325 95001 31660 53032
21511 1686 44396 54659 64604 9092 82507 43716 75099 96307
843 93654 79372 74643 27002 86290 92803 30590 62715 47700
73199 78180 45071 7795 32816 55810 6902 78877 94783 73788
687 33675 81419 43167 53592 51768 51702 93870 2591 94798
63056 20698 18105 65508 18683 79482 62173 3380 75795 92458
42905 70556 32398 11905 20809 85697 80712 34130 94564 70581
13803 52080 43892 84493 98699 84198 35434 34846 84041 19546
3838 68947 93209 74819 4801 71496 64923 67538 99329 15117
42471 71546 69283 37126 79993 35864 83056 44736 29673 16025
27239 83024 97212 88215 95232 35250 4638 90830 76948 63483
79256 65551 25139 39003 95505 50553 83336 56574 32458 12190
47971 74438 73933 88307 3010 72755 70401 56253 9243 77222
2340 31773 52358 51733 33185 51102 54033 24186 16699 87939
28491 72946 28377 9407 23315 67948 23395 80658 17792 30067
84663 86495 64658 45144 13680 50188 51828 44918 34218 94602
29551 46128 24210 8828 95402 21187 64809 54690 54618 59050
97213 71819 76504 63334 7643 17452 48997 26187 18778 7621
92927 11083 51981 10162 35136 75442 38798 76731 55314 64880
2535 90989 15284 14867 1069 53170 51411 2724 20653 17442
60940 3137 37070 47785 41268 13742 15323 60563 47510 33838
1939 77502 18185 98920 74995 21526 81467 96475 56153 49670
95139 14357 56252 32268 92254 2079 21437 55650 1481 57455
70332 46808 86203 86324 64410 92766 99653 21422 33532 54877
84744 28013 86493 58782 56695 68480 72495 74520 94160 45859
23582 88031 30314 97175 398 5292 79153 61419 84009 23342
54276 4173 5072 48697 37500 41100 78315 42905 32877 65938
15043 27515 98042 55104 19327 86213 79277 90673 34538 60648
89296 16220 96083 48225 57452 15929 63448 75131 50939 86341
50097 35888 12525 52263 43281 61950 85435 63610 7497 6157
99258 98333 95107 7305 72069 88072 45536 29662 43447 77834
40521 55955 90660 28726 97008 49148 96014 73647 21634 88299
27210 39880 21070 26842 64530 59609 61112 17813 58756 99681
93997 99885 31967 55284 28269 40503 39700 68725 98374 87963
97419 54129 2244 93006 36870 31624 14257 22280 98569 447
48267 977 85583 9441 40797 90027 667 15511 48029 24408
63981 55863 1868 13460 61785 98264 50183 31518 7892 75010
14186 7759 9109 50966 31979 57851 13502 23775 21462 86782
86047 5196 88049 32232 77 86584 23087 10873 54893 48589
87376 76209 30028 35462 50872 95856 64851 77703 64432 8631
8568 13295 72353 27356 20140 27406 35532 12001 10224 3189
24185 49591 7988 52177 56395 42241 4487 71807 4130 22770
71249 59697 61941 88509 77847 99575 75170 68249 35423 22146
54339 14723 74492 35654 60238 45566 24845 15572 30315 39405
2922 40560 31108 30521 27804 62738 63742 35516 80767 4331
19942 88416 95361 79829 84523 56900 15044 53127 7010 61615
83627 52415 19786 22991 40150 82153 63117 15557 74270 91060
88408 18413 60830 77800 50223 12360 33025 41964 64873 89124
72405 16887 8800 6160 90948 53035 53501 41740 55511 55903
85426 79327 58212 20768 39034 77678 67629 48136 79132 63699
5183 68347 4627 18758 78658 51579 10023 15966 70557 30329
33229 5911 22806 15502 38691 41354 81323 44325 33396 77627
64058 58586 89921 84754 94306 75062 55533 59789 97495 76506
59222 33414 94069 21206 89591 23523 33721 41852 5697 365
6938 80358 60223 92723 38667 84280 59748 82702 15900 72584
60440 7873 26038 63792 99163 13855 86167 47907 89743 77818
24673 75017 72075 54019 36144 28112 87786 76117 68069 45401
70316 87853 13585 58289 79565 63633 78359 15192 81692 23600
61693 68480 73142 43977 41980 12103 74677 12782 84938 70833
75946 83468 99323 58552 94057 34582 49350 42652 20637 52245
95615 74369 71029 14085 77055 70734 16568 68157 65305 62859
76276 68494 19825 57374 67856 50092 47214 93104 69534 473
21402 13446 24070 12377 52724 16413 24167 82760 3364 88939
54567 56882 34264 79792 30253 3181 34295 16334 62473 44482
26356 24334 4724 64218 67028 67229 79343 52508 56501 81417
62044 56252 53734 47590 6497 49837 48148 4606 23965 48653
73602 82016 94068 46246 63041 137 71863 67820 32897 62423
73761 97686 55176 43893 70173 56348 22151 61525 86342 74115
33663 97738 14446 32427 40257 36505 69883 21519 56742 63121
82525 93649 20219 73273 99767 74768 4223 34837 92385 34338
16352 46690 96468 2963 615 42818 95116 70548 37661 97163
42134 93881 86213 94869 56599 91885 37193 48991 71978 9192
58405 58226 6369 84275 92119 20852 31492 67070 30463 42824
57188 92823 34304 3833 15507 33843 80090 74179 23841 18916
16144 7379 30110 31321 84980 68758 94679 70694 21420 98563
43435 91453 67668 49742 34411 11039 55951 85061 16337 14932
96925 66066 21672 72219 77804 17227 28979 15415 17966 2623
49872 31335 51817 9654 44336 55975 8741 94528 44862 65696
38224 7617 74632 9442 84574 83338 77899 32282 50122 48781
41730 99269 98408 78104 77463 40419 39561 95577 47492 2553
8932 9158 68415 11817 97025 38622 95119 21874 13850 87517
92020 47108 74055 96584 27486 57570 70553 7807 85353 43025
63792 62876 73500 37099 51475 57582 23605 29361 99201 74582
18478 83134 6382 20938 53794 19851 53748 3982 39574 27019
28863 89312 73413 96117 54278 98095 72271 99236 49304 17360
32512 68816 40885 16608 98942 53520 1586 86787 62746 85133
33518 43594 75505 6263 35790 66048 61896 76756 90102 73407
37193 97849 74174 78784 87380 67481 65927 96139 49434 7558
32677 18903 37271 84577 9089 33040 94883 78683 55223 75181
22336 43061 51728 97280 12602 35497 33096 53289 57609 97021
81848 80457 30406 98715 6637 8120 27028 77123 5463 90225
56409 31086 71542 24327 99624 58452 33860 89452 20751 69758
37020 7939 813 27814 55723 12279 83564 27064 8077 76964
67268 44657 78890 57483 50154 66355 89198 63865 38924 14732
51524 84539 59435 84533 31680 67794 66606 20658 97430 62750
36638 57916 71893 19481 38798 78501 25324 48864 26280 33090
32733 46662 56092 14545 96785 93545 46447 69363 85525 52950
6791 81359 62679 2105 30377 64491 94652 48018 22230 57326
2804 99871 46368 20295 92167 92010 15287 98764 28538 77602
12040 29817 54659 42045 30628 38782 33241 17317 43941 92664
79634 13732 60194 52013 184 23948 8532 90161 83685 95553
2437 29354 2769 13203 65565 76974 69708 79045 68836 31878
56809 31016 19858 70830 35429 92632 66192 18029 9624 4996
22494 46985 20519 52026 8232 63261 75735 53252 87457 69067
14546 65077 35030 16254 53898 985 14717 12947 73047 53957
43762 60854 85272 80240 35784 65277 13975 82581 59310 77859
37464 13219 22739 3331 91783 2144 98232 25827 24221 4520
26777 87785 71422 52680 4616 84998 95550 92723 37244 25095
49515 83506 61325 33525 58010 36685 77222 81092 94963 80481
5158 50105 9952 36965 76650 52452 6265 12927 99440 62185
1479 17735 89004 27664 7803 38143 42553 83866 53879 19599
42561 94159 32364 26373 15928 12657 98302 78696 42248 73220
62171 94131 8 79206 18452 92470 63103 89322 25667 58778
11711 69161 7048 97517 1355 5548 72354 52230 41885 61294
70833 9882 74151 81712 72906 56695 96300 51037 43884 3212
83924 36834 16873 50330 68664 53558 94000 25138 88450 22606
5189 75705 99199 5529 31922 77289 42568 39499 59799 68970
97287 9722 58161 9336 2624 52132 97634 12604 31696 91573
7198 2428 9616 85564 41213 99657 16905 61856 73809 42445
92079 9138 63149 22348 49052 4607 31303 8434 54715 39520
86800 22940 70004 34441 76417 26630 43790 19575 90351 69760
63079 92394 60646 65452 5310 54718 86589 46260 8930 74449
92774 71857 76986 13390 75621 66017 55103 11860 22360 74452
80023 23277 92832 51556 77796 47442 38961 3752 1721 19945
99306 39885 39322 76947 46848 4970 84925 29502 87024 2642
69794 49681 99973 43736 65336 91943 96058 93731 26557 47489
6975 30127 22688 56822 66064 62351 9877 86260 40968 11415
36817 7872 69315 94298 38389 9092 13891 8902 64638 98243
97554 69440 12852 65244 174 99248 79034 2966 99923 48246
21689 94038 19503 65681 35691 20315 94241 25266 66853 57829
13425 69469 58877 78681 98894 12454 13535 93201 75585 17063
62190 30616 57600 40219 92203 74520 20339 23280 45286 40683
54316 89096 6528 8984 99525 95937 32616 98749 40557 89932
25673 7320 2142 92311 45162 15362 22387 55474 64490 99260
96718 22823 21210 80861 79351 31249 80126 87935 1125 2342
27173 94848 12607 78625 38556 62341 89599 74479 24466 97670
44539 27957 29559 11997 71750 59294 83459 60551 17095 64685
33658 12957 3310 99771 60529 16011 61140 36294 69526 79301
13389 7483 79210 35217 34061 93025 75394 99251 58017 32813
81477 83900 47922 210 2957 59 34710 10141 40154 13494
35405 85150 27300 10790 17862 53370 48494 69110 25825 6400
1371 17167 99695 2200 27918 21020 28468 58366 8496 27590
46557 44525 19938 51262 45531 49105 91472 94491 5312 65349
53293 52023 61918 14208 61735 60159 19617 97618 2290 17437
84168 54673 17139 21166 40813 75346 77384 35436 25774 11639
21838 30556 43237 14442 14006 11299 61159 15889 26811 81912
78684 71605 50651 79531 95579 75008 34522 44463 29809 56711
12250 85732 23212 86071 36254 43363 47227 99043 39837 45065
70706 86782 75613 4275 80073 92792 32522 8999 48445 82926
16727 6418 34791 72193 92796 96942 56806 15039 20658 13202
21919 91701 91175 74413 19661 52184 58532 74600 75636 11588
91203 84396 42403 25724 14919 20394 55825 14366 826 63519
16754 40981 59959 88436 67442 2404 41159 99683 19619 29675
93765 57071 56929 52156 48652 12803 78260 31024 91618 75848
70458 25370 51682 65288 99047 14413 3452 13679 83757 62675
87578 33904 82053 81506 86169 68566 38293 9947 51097 99658
68766 10699 72287 8057 43574 52822 90365 37351 95172 31804
3431 34551 30339 59772 91307 11435 47488 43855 82197 94615
64391 59115 16570 9812 42796 13926 20892 76434 55851 361
89961 72221 81856 19849 90675 64540 23598 75282 42416 94856
46357 24732 99604 45975 99649 99088 60512 17844 37875 96150
53121 87003 83256 77119 3542 27237 80796 7922 75470 24534
79478 7421 80163 28149 36487 87344 95581 41391 82007 94613
642 70687 954 95785 25924 19557 84992 75429 45703 35303
83285 55522 87862 90553 33647 81327 18003 9229 87110 60718
61997 27080 48395 88552 67241 10612 42372 35425 67052 45063
82322 31054 4927 42007 59656 26505 95777 10249 96707 76636
49818 79858 4352 44361 61421 68490 64377 91738 70044 31622
12912 89367 33259 43853 35684 45237 12925 17149 98471 26887
64717 73697 26836 26658 38520 55997 18089 98776 42586 74871
15372 79187 97897 67284 98894 84253 10854 60145 52531 72876
22153 13749 45378 48034 47676 49045 27297 68427 13207 46638
75120 38617 98983 42216 41864 46956 52357 33077 55195 24615
97252 53454 83309 6109 67647 72556 36544 82018 18964 18554
1218 47945 26038 34171 8559 70280 59244 25113 26053 8954
41402 71270 21156 60125 27221 32420 88000 7618 14366 95130
46608 951 90600 75588 21089 9889 45010 14324 78380 40742
22991 73059 62329 37994 84433 71399 89264 36352 32475 81621
80647 72938 16219 33521 96052 17084 74962 68089 95368 26111
83797 18722 3031 89418 80817 91774 69031 80383 4728 64384
21549 95816 48304 16900 84288 26074 37925 69612 87938 65465
82340 99090 39653 42196 94825 68127 27041 19861 82086 15075
23879 98360 10525 13329 33619 21132 5891 29766 53713 77726
15909 82153 68901 75970 67092 19819 84804 46399 76764 29384
94539 33084 39207 97846 30525 19658 90912 49053 91245 37057
74016 6407 48483 408 59378 24554 34356 26483 61059 75923
79470 90241 72597 74138 23616 89305 82058 65652 48631 98506
77680 23408 89422 13218 38790 31867 63605 99772 17763 61468
22808 94034 57906 92380 69423 15078 59446 62356 1433 89914
1242 81554 44901 17354 49332 78412 8832 34334 35107 14930
50316 86417 65702 37212 69210 45695 37079 7630 61125 63916
56321 98716 45022 96461 43833 15660 47491 83629 78399 54267
69628 29713 68491 94267 84370 77498 81722 74085 12277 36011
41036 92477 1956 82796 973 34888 97680 28454 50294 27960
11211 806 48251 84290 27454 78840 90991 11376 64276 82419
21806 23619 75685 2793 44424 14317 34515 41027 72008 15778
55891 6770 46232 3 25951 18111 90566 49812 81638 34828
19815 60878 46884 51912 14010 18807 68079 78044 78881 32223
7428 24567 57448 92763 46693 34476 27672 75950 25746 88125
19628 93093 90465 32560 12359 53709 52759 94795 25300 368
71799 55830 2132 33447 50072 81859 95910 51974 408 31856
3500 98553 80900 86610 64638 11295 13464 73285 36318 53757
98753 91715 76788 15088 15262 83878 25047 46879 43647 26402
41557 30669 88667 67435 83781 50619 80603 73847 26188 79567
25613 2498 98538 73482 40212 60162 8531 9276 48911 70723
35338 94016 46009 25373 29023 19749 22647 51807 27589 37479
38447 1774 8100 76279 73413 22869 21289 39086 30219 50054
20073 65401 69661 25170 81563 62977 52700 28579 39451 75456
31432 86059 89043 71044 78273 96233 767 8463 67720 9048
79629 60755 28313 74196 37888 54941 63751 69894 6113 16125
1573 17049 93845 88303 65442 81585 25216 40962 82769 68615
17195 60496 33282 16116 38522 68540 16095 2902 85919 5491
62940 95958 40853 66832 53467 75555 24889 82290 94824 93090
54582 83446 12237 36202 7912 14085 59893 98501 53403 99411
2150 77084 60360 5193 33957 50054 4080 85937 6317 18366
3408 42437 97758 31584 79684 83308 25961 55507 5904 12587
25076 81141 22839 46042 23702 19094 34869 92514 46133 71262
62484 23449 25153 22520 20652 93698 58569 49155 12682 69747
63583 97903 77762 67728 83243 49696 6968 2858 77426 45630
47377 4433 87132 19124 46781 56031 95387 47928 52565 79290
20589 12328 67467 91446 68918 21837 82207 31743 41229 51610
50395 69911 36835 11991 44670 81078 21713 59828 34671 95823
31827 48587 57214 11495 63683 5790 7003 81511 63637 20936
62173 83014 65126 24810 73197 117 38675 41987 85906 49862
13423 2301 39825 21142 825 4222 81554 92968 1360 33306
59565 47815 3219 52287 21599 98228 88356 95850 18736 401
45733 22793 31253 37163 54174 1010 70548 14619 37992 26626
78690 31612 17392 7590 42566 49280 72613 74206 63131 9114
15886 14289 71925 22312 18496 69045 66810 80600 71599 67261
46794 19294 68892 20025 61822 97061 86859 45952 57616 43649
4029 47767 87878 66801 44510 15100 86633 2631 53072 85487
41981 39941 9123 55799 89215 48255 65152 99739 46036 91811
51559 13511 45506 17302 24269 81422 83415 61854 44132 25918
85908 39543 67799 82445 20483 29702 98665 18505 18909 8323
93394 98450 54113 35058 44671 80762 14783 32646 64029 22975
51194 73017 69957 60903 23668 14902 45969 23441 71157 21478
70896 41984 31535 23369 39414 14375 87529 82285 84635 87310
82585 53647 86593 28234 49532 42726 519 68038 21553 98147
67072 9244 49742 89053 72974 10843 34476 67787 15041 80627
88825 28640 83135 28553 91405 35030 18341 60614 53366 2433
21470 21640 19600 92410 84007 27636 47807 94335 88680 63460
60712 45676 80086 60082 46502 69158 37124 7121 90474 85713
88488 1012 56918 95780 45 76894 4410 8360 28658 23218
9988 37167 80868 32024 98085 76277 36806 95028 18632 13875
99816 15864 95405 42005 10485 72232 70469 72692 20133 28201
3489 76345 53271 66533 45721 17054 1162 83675 97620 71219
79307 65907 76347 80870 50554 44180 64802 11125 62490 7265
87399 52406 72867 38131 59427 32357 40051 26804 86632 79864
36822 4500 49579 14106 5309 38440 93372 15299 8490 24496
57476 70593 49348 15721 22673 78507 22664 28799 22587 38385
36400 77594 65760 47535 89683 93218 40911 78008 22685 3432
32790 7452 59983 60679 58968 34022 53487 27703 48929 14009
93631 52427 25979 22694 98210 89679 19787 53849 7117 56332
32790 41394 8215 38563 7195 7889 94651 5192 91023 18877
7161 19438 81366 49526 46258 82927 30992 50576 48656 90429
40436 34308 9914 21544 21880 88052 950 46446 13420 62697
69997 76774 42717 76738 43461 49934 87579 22581 39322 95269
57651 61131 84880 93993 26227 43172 87019 11243 74039 1549
37643 48263 67989 16921 49520 35461 86877 71617 8504 62985
23527 71100 96933 24452 38074 30606 90012 31594 10745 95690
52045 42846 44097 89778 62625 37269 94496 59212 84246 56724
70491 16871 42246 33808 21803 69148 25620 20867 56800 47855
32939 36223 68605 58585 81476 47804 20403 130 69596 21461
39056 5730 32589 71538 92769 6267 60314 64612 83374 17929
51406 43848 66662 12466 63246 61026 25278 36835 79492 26061
57808 10847 57711 9709 15011 46374 38479 64170 9529 99740
94298 58396 48966 90125 71779 60211 93872 91084 33753 35689
21950 29788 39333 77763 87745 9103 9408 20656 3066 1350
12662 44486 27575 49385 72918 25274 51272 50605 42476 39576
70995 92508 8061 90116 11592 54678 96118 79021 19099 91352
22392 18658 58022 61162 87104 36567 77750 76244 51483 617
74137 1550 44022 63268 61485 47070 35549 99690 87411 60563
91059 93516 68512 46493 53197 6099 98274 8046 37423 50445
80323 33424 22078 79324 69914 25050 97923 88599 64444 887
1215 31427 69845 80762 91967 36746 83824 7411 54747 26334
79255 41895 93260 28740 41392 16095 61882 95498 11146 21213
27449 35318 13290 60488 82809 95299 3287 96803 39993 34717
49297 81418 15343 56602 76995 58746 81519 85009 43968 3920
2053 1844 77755 64834 82927 86040 6995 48399 72667 30050
38700 11963 17518 43870 86305 95157 31487 95162 32961 54843
72403 75591 22418 46455 24604 28075 5909 28674 76459 17434
37578 55213 46668 77782 3304 57426 57105 24033 88168 14520
71980 71988 36355 54351 23151 71756 33930 27073 19672 22621
49728 46392 95999 3981 2501 98701 87740 26605 83493 79104
36455 81216 52788 25106 15701 37291 45049 83746 39414 23945
65686 65957 60627 6945 32022 13175 93693 61096 15672 25499
96337 25673 72172 78187 29268 22028 1765 83787 70501 7182
71303 40944 99188 34910 41399 47710 79428 96759 85210 47126
68428 19401 55696 15936 45301 1872 56668 3452 6946 86510
99673 76922 5623 70761 83481 32210 9216 83535 15893 84120
49646 69441 8612 59436 87486 46957 15070 77534 61542 32478
48400 18376 11053 51205 12154 45759 55080 87943 99886 74888
88796 66150 71406 47647 9589 81938 93266 6406 17245 61254
38977 37734 41950 53075 80474 91120 41448 19229 66508 64580
74407 32301 75933 89006 908 47128 54272 36152 82936 68469
90461 21351 57840 97737 67362 71395 35969 5026 24377 80404
30035 39171 3457 82133 58208 58238 10795 25809 75579 35556
15662 54439 79315 72307 25148 49450 1702 26693 18954 23610
52236 51802 1934 15345 95017 19597 33743 61902 50925 96774
24719 6246 95419 29793 45063 23143 82235 90962 80393 33566
60911 35266 80910 13390 71738 18458 93721 92285 95614 30959
38241 81751 8248 9253 83171 67481 38238 96693 10154 50516
56803 39022 4069 24105 33266 16427 92758 28757 74875 33560
70072 36668 32138 11720 75257 78501 91581 53259 68983 40460
96672 77306 41753 27655 34642 57996 13926 10950 2012 31665
38294 48797 14881 77856 95893 3008 61358 20473 83676 47983
3003 40046 28683 6589 19744 35843 27519 32720 58437 27420
2239 513 89130 39224 84125 53220 94997 68981 85413 10997
22078 860 95647 36107 93130 87774 44160 6560 46267 93704
3067 54694 93528 56535 66190 85962 7128 4665 28520 4978
31843 36515 8078 40795 90849 51091 97455 81505 99302 99844
5866 99391 25030 15372 54173 72220 38964 60842 15161 83667
79237 35553 49236 16470 12395 66659 71740 35562 12738 14851
2281 95285 96528 22644 88694 94696 41677 37965 68742 48076
95463 52817 31112 33901 22951 7074 64002 34906 76994 20857
34324 84255 77062 35398 23484 88453 68596 61977 56729 6270
97197 61239 2211 24825 72672 1088 83204 88864 16822 70366
42326 7360 85806 57635 20129 82767 33038 39652 62121 82540
31783 62503 48030 99999 7964 39847 45054 32189 43165 37383
22865 36051 95433 60376 32300 11061 51161 11977 41960 96426
65240 44061 47335 63985 68577 79453 15623 34171 22230 44646
6071 41693 75600 15517 10432 30039 42473 45023 91066 59479
43189 11516 55236 71924 73806 99050 93310 67824 53835 96943
25867 15218 73006 84850 50118 29135 4452 51749 49584 30713
76842 82477 32632 19732 1172 33843 95267 71706 29305 13848
61462 1223 80809 72172 40380 16936 12241 7827 53966 30414
18748 784 30701 70999 51695 78351 31695 1893 8037 34241
73859 28881 97189 28490 41521 42418 19440 9797 32678 36247
96241 18333 68949 1274 77221 46715 9345 2136 11353 59587
47146 5702 10416 98123 36422 45681 51765 24785 90194 75588
64373 95789 15717 83524 17218 83983 4077 16503 82313 13225
71025 89543 76007 6856 53934 35277 91686 97484 5761 83542
24575 93057 91075 47221 55077 45068 81496 30545 930 18760
68290 69146 70440 22313 58415 57326 49135 12246 96958 17325
30420 55663 63704 17832 57153 96452 24474 54525 75531 42205
78903 64122 15293 61348 35516 55266 941 55874 62206 4469
67542 54060 5654 83438 1660 49699 46762 55279 53033 99595
60828 1412 65866 79497 80965 18437 59928 90097 21210 54800
51150 99400 1758 40758 38969 5490 32959 1994 3445 4600
56969 37150 48971 53425 16385 82622 3404 21708 17691 84153
31526 41407 84052 44073 49983 72126 46725 15483 37165 18994
7314 70227 16012 58801 14094 76227 50271 52965 34814 81519
35508 51771 75656 17321 84982 23340 91459 496 7491 72892
55820 36970 49371 53154 11385 2002 26087 5118 386 621
156 9856 83425 92115 71665 76753 90523 96166 35205 41244
12604 85009 22780 96040 33907 5983 96112 33819 26168 71846
73695 36497 74022 2478 78103 6442 77664 868 67232 98372
83651 98752 69530 77193 27596 12810 77737 96632 33567 11050
68240 66325 4155 788 3905 50844 52443 14619 47054 23189
72559 88789 56249 77377 18988 99622 65658 90039 66500 47920
48960 9280 52343 58749 51137 40596 60230 94540 30940 94249
91731 63163 94439 56260 84785 39429 15766 46067 81389 8421
35032 27876 16878 82125 95349 49905 1797 37017 31008 95920
93970 69581 47060 46883 13217 69180 36920 67023 34027 63262
69078 48264 2559 98570 36589 69701 63500 83852 3743 54698
49586 34513 3180 37192 82012 27683 33656 80881 53480 97422
83787 30294 17304 74045 60317 11035 85780 99030 30800 38085
48921 27514 47 35596 60710 64090 27326 19424 4182 64427
56966 44496 38910 75172 78924 73116 54928 77667 57801 77442
5588 47210 68917 49641 68583 38878 58271 56562 89105 63423
99551 42328 92022 22255 55839 51828 11019 29269 66269 20873
71781 59063 68572 54645 83587 26051 37358 95084 39116 17009
64889 59975 95756 70842 36242 21750 13427 23612 53966 82420
53649 14347 48681 92521 2559 77722 71549 56626 66564 33352
2144 65690 3508 18315 20952 97414 94509 99401 89623 29770
32029 44708 54005 20022 98274 30341 35156 11753 34684 7343
1708 45859 58069 56374 23311 67942 61822 13270 89376 44141
51734 57258 39916 20254 5025 15473 96013 84821 8551 52298
96288 25875 27528 80187 42712 3198 79647 49764 34227 93156
41128 51333 19815 1581 91037 87385 34051 81658 8101 56222
87626 38423 70296 20549 72918 49212 71637 21666 10426 80292
62888 39858 5725 33907 43317 94635 8563 17092 79166 24672
65833 83882 1143 86603 38374 65899 38060 64290 7882 72817
76627 85720 34720 13831 98456 3405 39977 64016 34482 5957
75882 75320 94310 93466 17494 10972 73392 67356 55597 64184
14475 56606 95786 7298 1418 26531 71995 5899 93291 93754
64035 23928 64518 1568 68195 40444 2934 93595 7547 96460
31724 60441 84345 91123 63540 23997 70717 50555 65477 67115
5849 99753 12132 12558 17961 78257 30642 4453 17561 53601
96352 47917 14868 3148 20716 18081 98708 54468 84023 58453
76835 97212 4745 50342 18310 5311 4551 50036 57456 37306
23466 58490 15851 14787 63183 9445 73928 14127 88186 36257
76988 45116 94145 5116 91745 31569 60929 82934 39042 53649
43660 41847 15930 59353 19335 89111 86049 3538 98878 51106
61097 26828 34866 33216 18134 43892 3721 23580 97580 70832
17806 7982 4973 84808 27668 15612 95916 75499 7573 21009
58106 17681 78488 86152 16933 66906 11881 38527 81874 56168
74939 45884 19725 50458 23240 66532 87738 98203 20459 25146
84759 3883 66322 88417 81752 34455 43839 92308 74396 63749
54715 3241 59942 53620 97928 79227 78087 68378 60566 33787
71383 19933 32352 95429 14505 45054 25644 98533 33710 23297
81290 37667 87888 54414 67322 66696 10851 27408 32302 26474
20844 29922 58012 40469 87728 66289 67240 26380 10901 75292
81552 33611 1719 64594 91245 31404 83058 7780 95071 40513
15610 82098 90859 22482 35598 60220 49844 14899 41843 7752
87252 28469 1439 79692 49654 2282 52785 53692 75594 47350
72287 85720 50175 95338 36822 24597 66581 9294 57844 75893
27891 6316 85016 62791 71126 88218 77359 91787 72070 75645
18098 94464 94245 93464 5765 83091 78304 60863 88572 27422
29133 98270 21679 32823 47139 75019 17684 75742 67466 86637
29536 31526 16297 68680 52026 11732 66935 25262 53108 13332
80020 74696 49542 70577 42020 92164 22682 91799 74041 59845
29702 58073 69041 18648 3172 58383 29702 52522 47600 36834
21474 26236 35405 31471 25740 40590 76763 91354 76576 65233
87875 68836 91241 58547 10406 97335 59312 86532 41213 81421
38299 8150 15935 45649 14608 3333 52643 11337 27871 81624
2426 96348 23955 24393 72692 61970 97373 81620 85878 63083
7357 65456 11417 93078 3499 57032 61983 53358 76667 70509
76415 18778 58812 98841 21190 14974 31300 99493 29884 71316
65594 65111 65830 64088 12357 64121 36993 18496 75494 29285
14057 95245 56166 18433 2844 47672 28469 70914 378 98800
13264 35740 20266 54192 49552 52971 7543 36102 23821 28585
75729 97178 6948 54875 89547 47848 65541 93376 85635 10538
59986 55385 70520 95976 15041 86319 60248 82103 50429 84488
29270 64509 88725 62294 17536 38767 15673 88426 4236 69729
54181 33326 94185 541 27334 77011 78632 55070 28097 28273
26054 91389 83758 47356 30529 71131 1731 60389 95332 19760
9950 3175 57655 66188 59936 34389 66673 66680 43449 13778
11676 37600 84763 49670 59560 44323 9665 81917 1715 19508
59660 81312 29176 12929 15188 14617 51888 7200 15269 45516
53039 68971 12588 16123 22609 43554 82860 81113 45676 42459
15221 47128 30442 17922 46390 3777 48590 66273 65562 19390
26256 52882 9227 14598 67795 5408 85561 19913 16453 79211
16535 69642 56182 59040 62572 83803 37039 24499 99359 42146
62978 73276 49332 59957 15290 65774 31391 33988 97569 27508
81539 38724 78794 21546 14473 18069 79952 82238 41515 35672
96629 83644 33822 18249 75070 1282 21502 50604 62433 14250
49001 58485 33323 86226 65073 45971 54152 58514 11664 37796
84482 86048 90200 13806 30208 48141 26071 12711 57313 69771
22479 25342 46878 96339 93403 93834 22142 75055 92035 82438
6621 9530 5887 88164 78644 70615 72623 14951 72145 66194
81748 43817 36126 95352 66430 93216 5966 38259 57000 78786
58551 62087 63116 49748 20223 55410 75097 379 71590 38800
26579 29328 46522 37715 40460 46979 53947 45245 87988 11600
60573 46965 26886 8770 60246 27850 48583 75325 21378 32104
56870 9056 47721 782 20764 98433 9748 69151 92838 52826
3991 66074 60982 13015 75903 21000 6323 74210 98182 50699
72947 59390 30930 67493 16092 39440 2660 23481 84674 8389
41855 81149 11234 86998 57640 79746 27877 46008 15109 48948
237 11551 75937 6582 73226 39548 78131 65552 52059 23341
10128 66624 99990 29408 93905 48362 20218 39657 29389 63229
3574 15652 68159 49798 65906 90036 78267 74956 69466 33501
34029 67190 21152 41832 14661 72218 67117 36886 23926 75675
58041 77789 49270 54021 42262 34209 63385 34490 55018 82267
33787 67656 11198 45439 46656 42044 76276 17758 70083 99256
85543 74703 78811 40176 5253 98324 37668 48096 80978 17496
94117 92971 98255 91618 61677 22525 88500 46657 85461 90538
49220 6105 68667 20436 11698 46255 4575 53135 81628 45138
2467 82146 98560 87516 17834 36030 8588 34534 97363 28585
21337 65947 27393 60495 27112 55271 30883 22693 82981 43779
92430 21319 37585 37965 3433 16894 53654 66884 10257 46227
4454 764 17075 74561 65849 50301 42062 7606 99151 37290
50682 78349 21623 51512 93059 11920 91267 86283 53763 63290
90456 75608 81798 17207 78980 39577 6208 37538 1263 81487
58409 54048 74774 70054 16222 78664 57069 83225 56547 50402
87447 86215 53716 18375 25852 65762 88792 85695 66432 45013
41415 53570 86096 59031 20286 24550 99439 79578 50961 46596
30536 39695 80363 5557 79449 23484 76259 2625 56640 54610
96930 85468 82058 38202 81345 37015 97325 85166 63389 64205
19196 75360 45037 70566 70435 96640 72835 41078 60234 30481
49639 15550 50484 41713 79323 77607 36500 69808 85951 40409
91190 12278 70949 67318 70211 36880 71864 26014 52313 58687
64526 37932 93841 70488 6807 51372 9306 20576 56604 36316
50939 90655 9294 71671 49313 38414 90624 71600 94423 34282
9856 76562 81996 39902 24941 16838 23344 47097 96614 41554
18751 20382 11510 94615 24155 63549 35760 10430 98787 61381
19982 96990 7496 31290 14211 71557 65611 56437 66984 15151
56504 61884 76707 15993 22421 38351 35344 79197 27670 14382
54609 90281 19933 26998 93034 33411 70253 43404 8668 81814
55140 41839 46587 97439 55284 68374 33040 99662 84546 48285
88759 88747 30140 45540 92788 38761 80362 32040 25206 6758
39747 49425 92164 40344 83195 20568 89929 4052 80392 95349
95922 86515 29752 95829 84268 95028 77181 59667 50922 91838
59051 67423 99193 77408 1149 79345 80312 79860 25683 275
5682 66988 67043 37546 47530 57431 73617 16013 22919 71009
77782 66835 12404 24727 49080 12174 99114 50552 6634 26668
26619 83868 56020 68375 64679 47345 33093 36785 40803 34007
82666 33602 42544 75368 73501 73169 20513 65800 52704 13735
25375 2650 72413 58190 93373 93132 79588 3480 54457 73654
45726 1594 74644 84996 27497 31823 60005 47622 91589 73963
43474 85420 7445 15155 47682 53300 10108 19295 67112 34320
62084 37219 41069 85401 97861 38343 95340 27185 17692 99996
14871 93227 8239 99348 72387 76472 6866 14702 78615 36817
93629 57816 38603 62611 90450 27005 95610 11023 70460 91974
19144 87501 32200 95626 46928 62905 73112 85548 21947 68398
4697 68450 75182 52831 87722 14494 92247 35077 30046 25300
67857 34679 81895 19342 95915 18166 83850 81503 64965 55519
71327 69778 28871 41532 15994 71395 786 182 89372 53103
74847 56628 66744 55904 14469 31099 50560 43229 58760 81666
81682 23356 89241 98791 24075 31823 67961 33532 53992 77633
5017 23424 58221 28271 38632 65316 47609 32839 14142 72794
21891 60077 29582 47360 79747 58600 75067 87147 54036 30356
30725 54698 66333 45155 3692 26229 37179 14044 78497 48802
58843 82356 27169 38940 35964 99487 75473 66504 26070 71740
49909 80996 66770 7030 36464 53991 59336 15807 66572 30988
89399 41256 8339 8774 4667 53629 81801 80223 36859 58519
35858 17502 50432 36958 21463 96742 24251 56398 70772 2529
23983 65953 45172 88907 2787 16734 46452 15119 75800 28666
94848 18939 49932 58862 65319 38171 54650 13451 39083 41815
11719 84712 71345 86371 2290 88402 98082 69890 38219 22390
4869 16647 21224 66995 58940 88659 78206 99899 62029 86825
94024 4044 16025 74031 24018 5628 6038 25378 57738 91135
96230 86522 22639 17260 2596 152 61894 45670 53855 42740
94012 5733 76697 98963 63629 12653 44898 89567 22598 45897
13086 59958 38436 23377 15506 31421 13204 90508 47645 14630
10070 80136 64361 85995 27085 89196 21973 31374 28107 61111
63761 68852 39347 59053 98410 72475 46686 64570 49165 32282
83655 38479 57797 2422 82943 36517 11972 8800 75269 80923
27204 10444 58658 50941 55283 34676 28429 70173 9932 35138
53617 36795 97433 53901 9084 63810 15011 4103 24227 70854
33047 27957 89007 96501 8498 26462 65877 80584 86384 1805
92293 99736 33816 1154 22578 26172 16737 1466 50263 19681
73410 28901 72384 55852 60662 63588 5785 39764 48980 40729
42121 53667 20788 22401 33038 39647 82569 80945 29934 23809
35987 4429 63718 47224 65749 7446 39162 80684 92658 6376
35718 65278 9197 97262 52075 38828 61898 56551 5291 79452
69907 70227 96963 21828 72325 85245 88705 79152 78308 68649
87114 34386 53317 54430 24418 48050 12568 55892 35191 66658
8428 22194 71779 5806 92322 21750 71511 25024 3761 42271
87278 7658 89115 7503 19764 8407 81046 24097 44351 33522
75816 88546 8667 74314 30198 3743 87766 23240 62266 77488
23081 63704 81124 1141 38602 39617 89425 35603 23104 78851
