1000
4563 2079 7636 9403 3431 4313 4747 6384 972 7348
1429 3285 7364 9089 2873 1923 8658 8696 5062 1687
4318 538 4900 7684 1752 878 6192 5272 6506 5365
5780 8145 6205 5374 1071 2088 3320 2218 135 5172
7242 9301 8271 1360 8768 3762 411 3180 471 9835
6323 6391 5177 193 8644 8896 1604 814 4829 3397
8357 1041 3332 4076 2322 9902 2769 5308 3731 5934
4979 1208 1388 8630 8705 3283 3239 6473 8127 6286
3676 7287 1373 9310 7606 4200 7766 3841 1877 2864
9739 7984 9258 2515 2311 1908 7586 7456 7704 5499
4431 2409 7006 8584 2544 9526 5765 9020 5511 4518
5146 3028 592 669 273 508 7601 2664 4528 5333
6984 4584 8651 741 4376 6014 2681 5960 1274 8329
5336 5339 2097 915 3524 2802 2533 4800 1012 2470
3181 3147 2983 523 1802 1729 5967 7163 2323 8022
1919 7533 3535 3567 6602 795 995 3819 8456 9101
5416 4578 6994 1976 9206 8882 4278 5908 5105 4180
2791 4561 6067 7014 9334 89 6484 8836 3582 3970
294 2683 7872 3130 591 7110 5663 321 9516 6566
3039 5506 6950 5123 6540 7352 6374 844 7288 5814
8072 5727 7371 412 8894 100 4810 29 5131 3988
1342 3941 4477 7574 2705 2642 3091 5011 7054 1657
7731 8886 5715 5617 1148 4166 2879 2162 5564 7683
6910 6615 7757 83 2434 7056 5961 3189 662 1116
169 1129 4818 3512 182 5464 7165 7008 7738 3840
5912 7407 5716 6882 2777 4527 7400 1385 4991 180
7351 2050 4177 2477 5808 3044 2130 6015 7969 9719
513 9308 3944 8396 3834 8967 1366 4339 5756 2589
1394 4654 8032 3436 5010 91 8712 1961 9420 4736
442 7643 9991 2005 9657 2980 8578 946 6251 5734
2728 280 4049 8447 8501 3230 829 6595 3234 5052
9639 7137 686 2946 9943 2742 9430 4293 2737 4940
5523 6585 4359 3502 1382 901 9973 2342 9613 4889
1313 8516 6074 8129 3398 8616 8798 7021 2435 3484
3525 994 4825 1390 6341 665 1114 3990 9130 6777
4105 3843 2444 1306 3756 1892 1812 7115 4895 9510
3796 8275 2568 316 8195 2074 1246 9120 7036 6596
3996 2520 8244 9064 9676 8794 8943 1155 7000 1378
5868 4230 4050 9057 2059 4937 1486 8339 2534 8527
7656 140 3628 2040 1534 7240 9852 3161 2204 7375
4569 4443 5577 9054 8279 6469 376 3372 6570 6594
8962 6299 1805 2156 6924 3035 9938 9766 4240 122
3748 7141 9346 5044 9695 2083 3123 7950 2846 3102
6719 290 1999 3361 1368 1586 8735 5063 6258 3478
5356 8315 1985 4058 488 5919 6034 765 7900 9053
3619 8043 6485 7671 3673 1217 237 2189 7162 2029
956 7747 7511 7994 1659 3340 9801 732 2859 2673
1709 4066 3357 8282 5995 9079 651 6629 9940 6699
5668 4615 7546 5250 7027 8734 4103 824 7555 6357
2174 1528 6084 4920 7452 2142 2915 871 929 6188
5872 4272 745 7657 5611 4531 407 7478 2020 7629
4181 3369 8462 7132 7025 7462 3287 6075 6126 954
9062 5978 9039 3003 5869 1595 1575 425 9401 9583
7551 3593 5273 7224 6327 9731 3399 7660 3083 7211
3898 5535 366 8799 6520 999 2658 9515 3442 7536
9348 1925 4159 7068 3346 773 2046 6026 9004 8711
712 7314 9960 1935 8861 8054 4164 5630 3444 2752
2161 4716 6141 2285 7073 3174 4883 6464 4709 4116
8464 2988 3816 5778 1154 2818 1698 2262 2941 3177
3086 8748 1099 204 4067 6716 9506 2033 7012 9082
2474 8415 6689 1565 3066 9909 9341 9617 7964 432
260 3602 6755 2925 5904 7743 5433 5338 7887 7854
9078 8025 4708 9285 8479 8543 329 5372 9202 3850
6718 7105 2108 5819 7877 4380 7913 1351 5810 7178
6774 9687 3200 7450 8650 3770 2261 8934 7315 4292
9252 2836 1412 7962 7828 8533 1968 9869 5575 2037
7619 4833 166 457 7106 2213 7628 8427 4488 4601
6418 6512 6046 209 9219 758 7956 2842 9097 3155
9769 3249 3388 7749 6673 1837 1987 6750 7469 1708
4777 7374 2511 7818 124 9426 7369 234 8701 2468
4420 1948 9760 5481 6655 1295 1471 1545 2351 6036
2521 3443 2158 1902 8069 9316 5848 3403 5973 9987
6474 1739 7937 3108 1713 7976 3093 9653 8989 1853
7387 3642 3609 9682 906 3569 9241 1774 1719 7523
6421 9898 754 5594 1627 8722 8495 6137 4156 9988
1350 8319 6267 9041 3131 2041 9479 4075 5894 7509
2292 359 7130 1563 6537 1476 6975 9076 1596 8539
7639 1648 2138 4819 8557 858 3705 9545 9373 9648
9669 1775 7925 2917 9609 6002 4203 7798 6177 2601
1500 7730 6501 8601 6541 762 6351 1305 6625 2459
3820 2747 9560 5837 3014 8049 1891 9068 9756 3439
108 652 5504 7716 3805 7300 5713 8407 3490 5238
4152 5733 2843 334 5662 2679 8309 1717 4348 2481
8774 3583 4811 4002 9142 7563 9247 6695 6797 4
1200 3494 1106 3463 7262 7562 5001 5083 9452 6962
1010 8251 4091 1844 7143 3296 7051 8298 2784 8535
3911 9462 4038 2806 2857 3895 3422 8974 2610 4614
5457 3497 7826 3353 134 3473 2965 697 8842 2095
1721 3501 7970 8546 9256 4064 4660 6306 9531 4554
8835 9933 6856 8210 1414 5032 2139 3341 244 4467
7424 6923 1149 578 4134 1294 353 287 5601 4373
4462 6976 9621 3277 7041 9550 5369 8562 7703 803
2075 3957 7199 4853 265 876 2940 388 2500 6047
8676 6335 7433 7089 2516 2346 9517 7946 8322 6415
7193 1198 3450 627 6119 9672 6273 7540 194 71
55 5494 9827 6486 4118 4023 7692 9297 404 4847
9775 5334 8660 8884 2222 3664 343 8189 7958 1911
9936 9734 8295 5597 8935 9149 3571 3235 3907 2486
3267 2443 5690 9600 6199 1929 106 9483 1023 4492
3432 7226 3103 9522 2449 9577 1672 9910 7350 6078
