9058
-4209
5761
2309
-4008
-4733
-8168
9537
3069
5027
-6264
-7306
5450
-8107
-4789
-1906
4280
-7714
-3788
434
-219
1689
-9002
2907
6285
-5099
6817
7631
5837
-1334
3327
-3248
-5096
-6212
-4290
-2491
-7248
-1033
-5612
8557
9416
5810
8253
-1436
-3867
-9165
-937
-6958
1263
8126
11
1526
-7415
5562
4311
2457
-3676
4173
5288
67
-6686
2635
-6594
-4481
-6319
6715
3551
-8207
-8114
5637
816
824
-2860
-1966
-9062
730
5105
-7291
9052
96
1794
-8098
-9456
8030
-7908
7849
2279
-1173
2427
7978
-112
1542
-232
7274
-2207
-1000
-4235
-6221
-1667
932
-8724
-3656
1410
-7650
-6522
-7130
2548
85
-5768
1321
-2936
-2164
8051
6809
4039
-7635
-4296
3232
6030
-7099
-1358
-953
5949
-9590
-8451
5470
-2363
-8952
7505
-4237
3073
-2945
5330
-6077
-4703
5907
6680
5348
-7165
8307
-3055
-8899
-9247
5203
-6184
360
-9443
-5005
3163
-6847
282
2352
5910
-8387
7500
-6525
2851
997
5189
1404
3533
-9128
-5001
3861
-1923
4085
771
-7090
-313
1362
846
-4882
-7321
-1242
5427
4375
-1571
1403
-4585
3117
-8077
9005
5959
-4113
8265
-9388
721
-4163
-7054
3182
-1582
-8560
3326
-5405
9765
-2177
100
1651
-8735
8499
7613
8521
1867
-620
5217
1237
1328
7879
7058
3516
7394
-6226
-3336
1539
-1234
-8655
-6510
5683
2368
-4966
6436
6788
-355
3065
-6227
5357
-7463
-6765
-7994
943
-4959
-5495
2049
-6325
-2008
6881
7400
-2561
4366
-8319
-4844
-7206
-8838
1260
-4601
-6912
-8481
-228
-1679
-9028
3802
338
1176
-3214
385
-4811
-4372
-4894
-8924
-6802
-8628
-7741
1482
3656
-1549
3112
-5670
-7904
9267
-4583
-6141
-8331
-2857
16
3222
-8459
-1129
-3424
2283
-5326
381
7358
9259
-2436
-1748
-2572
-9583
2124
-3732
3490
-2907
5120
5807
2134
-8564
-6972
9771
-8930
80
3876
-7329
4633
-6741
7172
2083
-323
-3436
-1164
6147
-689
8040
4634
-6726
-5716
-68
-2131
-785
7673
-8510
143
6095
-125
-9158
1965
-8601
528
-8123
-1791
5469
8917
-4826
-480
8797
-6139
7593
8649
-7065
-8122
5691
-9474
4889
-8845
2024
-6282
6904
785
1585
-7259
7294
1102
-2631
-3607
1427
7041
9842
6655
-6735
-9382
-2558
-3579
-6340
4611
334
-432
4721
-8138
-9783
9106
9972
9805
1061
-6536
-3844
-2653
-3482
-9777
-4879
7092
-562
-7199
-5557
9221
-2167
4136
-9465
-6816
6073
4041
-4539
4568
-4322
-8423
9336
1560
-5489
-8885
9450
-4057
5449
2524
2868
-5154
4605
8386
4262
-1684
-8659
2117
3663
7554
-4096
-7225
-8861
-6618
7343
3556
5600
4880
3200
-4313
-7370
6332
-3047
5519
9707
6572
-5391
-6445
9871
3732
6722
5612
2218
-9118
-6207
8310
-6389
-7880
6212
467
8814
-157
-5572
367
4190
-3373
548
5590
1874
-9196
2986
368
7186
-4232
-9237
-3955
9982
1767
2523
-8230
8670
-9097
7740
6360
1227
9477
6859
430
6086
2559
505
7275
-3130
-1319
7888
-8370
-1211
6068
9470
2895
-3051
2926
-4898
883
-5875
-482
4926
-4740
8071
-26
-3409
-8089
8523
-8457
6855
-4015
-542
-1231
-1659
-5222
9457
-5408
-6359
-4044
8701
-4189
-6191
8102
2581
-3085
-9257
4123
-831
-8624
-8813
-6307
4922
8409
-6285
-1805
-7194
7064
5919
3595
1310
7312
9094
5436
-7393
-7216
-7037
-2473
5236
9583
-9606
-9140
-5897
3086
9163
4855
-490
397
-9124
-5108
-32
-4714
5090
4023
4551
-1881
4270
-6489
-4147
8963
-5638
7685
1188
131
-1368
-9127
6117
-8015
9601
9219
4274
-6878
-5253
2508
2788
2833
-666
-3665
4415
1022
3941
1129
9997
6426
-702
8570
5878
-6651
-3316
-1229
-7378
2468
2903
6900
4545
6269
-5973
-3150
-2539
5115
-9146
8457
7454
-1957
5716
7108
9737
556
1369
-7752
5972
-5132
-9344
1490
2776
-5853
-8121
-462
-5693
491
288
3272
2857
-8150
4722
3248
-6060
2215
-8511
-6676
-3261
-1414
9387
-1280
-8589
-9600
3142
8593
-1094
4485
1479
-2992
-7508
-5962
-1059
364
-737
-6992
-7027
-5183
-6494
3867
2262
-6299
1533
9673
-1247
-143
4908
8875
-9074
9282
-746
5958
-6480
1531
-4066
7621
-6860
8203
-7072
-9168
-7885
-5296
1639
-2745
-1853
8359
1801
1090
4731
-5092
41
5479
-3237
3682
9364
7005
-8779
7635
3751
6422
7247
-495
-837
9422
1043
-3413
2938
-1627
5190
-1512
-9335
-9608
-5288
-3074
767
4156
9244
8497
-8576
-87
6772
2985
650
-7972
-196
-5938
-5660
265
1485
-1191
2782
9070
9253
6666
8329
793
-6093
2246
-5059
-9289
-6354
744
7552
3514
9932
-1394
4483
-4256
7320
4622
7066
-1766
4398
-8213
-5840
3371
-8231
8785
-9122
9633
-4397
530
5969
9167
-1313
-576
2817
8217
4881
6061
-1475
1433
-4843
-8567
2414
3046
-7543
-3190
3497
-3232
2978
-2792
-1999
3294
4208
-8984
-9503
-6395
-110
7211
-8090
2867
-1621
127
-1642
3517
-2778
5162
9223
-7098
-64
-3122
-2311
-5547
1197
7027
5222
-7467
3689
-5066
-5010
7871
-6695
2603
8962
-2846
-5238
5900
6462
5445
-7242
9979
370
-1991
-2013
9625
-2030
5053
-7
-3185
3115
1064
-9628
1408
6294
-9574
9245
3295
-3414
-2720
3411
-7505
-1689
715
-5199
205
4003
-5282
8889
-1153
164
2738
-8538
-878
8326
-2573
9609
299
-2973
1723
-8147
-3718
4782
-6428
-8234
-8824
-8612
2022
1665
7953
4823
716
-9895
-1070
-1267
-5500
4212
-236
3090
-8841
-1187
-9133
-5358
-3619
-6906
-3885
224
3803
9332
-4326
4171
-2948
6482
9508
6735
7095
-9218
-9672
-6753
8489
-9882
8995
-3575
1205
8330
-5280
-7909
2742
2744
-1836
-7152
-8943
3840
-5153
5370
1869
-4704
-8849
-926
2546
7140
-3479
-4431
-2203
-1214
5159
2141
-6064
-5578
-9876
877
-3921
6957
1548
1364
-3268
4991
-6942
-4402
4431
3150
-1378
-4455
3866
-3059
-7606
3400
2040
6244
-7733
2547
6335
9569
6685
4699
6500
9199
-6438
-9527
-7837
-3639
-5817
5010
-2341
-3065
931
-5729
-6441
-5577
-8620
6169
-3595
-9197
-3630
8868
6110
4160
-8178
8706
-8918
2208
2618
603
8820
6519
6312
6679
-167
7662
-4541
-1021
-5571
-3198
5651
-1751
9417
-6631
3279
9757
526
-4751
4200
1948
-7077
-1446
7259
8079
3753
-488
-4717
-2704
3855
4283
2718
