-8349
18256
14028
12586
-12596
-8527
15832
8198
-1802
-2094
14585
14178
2029
145
-14711
-4186
-5943
-13852
-829
-7461
-18566
2725
-18123
13207
-13358
4022
-1494
-7947
-12444
-2810
-8559
-19266
-10233
-557
-5871
-463
5761
-6692
-5636
-1179
5441
-19064
-19513
-8471
-16344
-6126
-3776
9001
3151
-8688
13232
-15729
15330
17166
-15785
19925
-4594
-13422
5475
-5826
15714
-9060
15541
11597
-1350
14713
2560
-13579
-2219
-2500
14718
83
-1607
-19628
-2161
18990
-2524
1179
-14760
-4342
7295
9171
13
689
19975
-2906
-7183
-3113
-4559
-954
-6067
9238
-8802
12097
6697
13258
1184
-9008
5867
9157
-12213
-1849
14628
-714
-17673
6768
15203
15145
-8895
-12537
-1388
-7934
15224
7597
-16577
8
17352
10592
7359
-4007
-17204
-1207
1582
13704
9094
7331
12697
6417
17037
-3823
9330
-7411
739
9574
5120
15238
19546
19054
-15639
-15587
3436
8041
-4271
11054
-15901
5280
-4739
9018
-17683
1583
818
-3536
-16663
-7671
-189
-18741
-10406
19799
15502
15171
8231
1444
-1967
12401
9044
-349
-7241
-7643
17896
-11112
3165
-18109
-5894
4320
13449
-1428
9226
-1235
-18421
-9055
-6301
7500
6402
3477
5695
-15249
1935
12263
-8681
-9637
-19000
-11337
-5815
12915
7568
8450
8998
-7322
-8163
-16152
7848
14442
-9919
8728
2103
8868
-18530
-610
5518
19152
-2026
2409
-3246
-12008
15089
-2880
4385
18953
-18056
-4863
15950
7282
-1981
11493
17016
13755
5490
-13295
-12517
-17202
6670
-13988
-9258
6144
6490
-2537
-4557
1569
-14086
13850
-3176
-323
16298
1762
14007
-17566
2855
10797
12056
-13926
2342
-5190
-17288
8175
-10591
6372
-2262
-4022
-18027
-8303
17972
16745
-15822
-18025
-3628
19637
-8635
6039
9621
14786
-14650
-15577
16527
11399
-19412
-13927
7501
-1459
7425
-19142
2985
2858
-6180
13743
-19939
9651
-9573
4107
181
2016
10258
9608
8639
8162
14854
-4862
-8595
1503
-16426
-15903
17425
9750
14484
-9252
18531
-8352
-8266
18303
-10218
-9172
16122
3766
5284
3371
-17521
2143
-3974
-11405
-785
-14268
-12273
17306
-703
789
17058
-835
-12750
-6414
-3479
-17485
-4002
-13331
7633
1464
130
17322
-3070
-694
-14444
-13369
-14376
7729
-16848
7080
-15456
16741
8620
-3004
12326
11858
-3502
12834
-12384
-7768
12553
-18336
18280
-5519
7235
3080
14693
2399
19081
379
-6033
-5259
-15685
9658
-3907
3201
16809
8917
3844
-8737
15213
-13311
15311
17609
16222
-7013
8029
18643
14715
10619
-12962
-7276
949
-2686
832
4336
-6674
-8252
9334
5247
-5340
18022
-5697
9648
-213
19274
11819
-1789
-2675
13575
19156
-16483
11788
15235
-13471
-14844
-9618
-17700
8374
9718
18785
-2648
-2031
3769
-17594
-14664
-7017
17888
-3737
2697
11158
-17220
-2322
3945
19867
-19778
-4416
1745
-18019
11999
-749
4964
3563
-14040
-10375
-16543
-9178
11290
-14679
4113
10474
8270
-4900
6142
12925
-18932
-6898
6197
19678
-13342
12842
19043
-2845
8181
-8045
-11886
-4701
7483
10089
-18541
-15209
2991
13221
-18418
7017
-12562
-19302
-14861
10266
-16599
4009
6107
-12518
-8699
10459
17004
10324
-8637
9329
8143
-9481
15512
8083
-2467
17101
3058
-7898
11562
5041
-991
-2449
-11587
11433
5746
-5911
-16960
10558
1911
19532
-883
8510
-10576
6752
-7024
-18405
-10796
4144
17573
9190
6571
-1949
-2029
-6983
9811
-13348
-9164
13483
-10845
-2334
3019
-19858
-8982
-18875
5189
-13506
9191
-4753
-11209
-12621
-19924
-17408
16812
-7130
-18977
8509
-13228
-19919
-2588
-14541
-5517
15079
-15034
16544
-15885
2482
4813
-5101
2956
7188
-6314
16340
-18444
2671
15422
17806
2928
-4636
3061
-3349
-15036
12883
-6675
-9614
-18169
7097
288
-11543
-2696
15590
16629
3607
13491
15556
1243
6030
8711
-2602
-9121
14478
12871
16243
4393
18089
-7784
-9045
4923
15754
-13022
8074
-5445
19369
1315
-9983
8479
-9972
15529
15844
-18200
6828
2522
-2230
-15485
9378
-6083
-14463
-8106
-9949
-7599
5291
-14302
-15502
7908
-15214
13431
17489
12413
-17166
5729
-4493
12798
8079
-4608
13178
356
15742
-18759
-19783
-17964
-3632
-1470
16088
17580
17837
-6905
2891
5713
-18836
-16039
6227
-16694
802
-2068
-9179
-12569
-2313
-7814
8104
-13318
-2413
5606
5645
14878
12227
18749
-9407
12898
8090
13583
5135
9322
287
5026
-2447
16053
-9434
3634
-6209
-15016
7093
17900
8841
-17955
10697
875
-7605
15672
-7203
-6011
-14353
-10976
-19703
-19403
9382
159
-17490
7433
12828
7602
13101
-4737
10471
-4371
-10959
-15294
-10754
18574
-7416
5018
10767
10875
12134
2049
17488
13183
-7555
-5363
-9058
9101
-4839
-8846
-19146
1450
-14216
649
17218
14625
-16241
7893
-10737
6646
9493
-14185
11503
-7878
-5858
-11567
5632
-5492
-9138
-15157
3043
1957
12521
9519
-15
9839
-1982
-673
13340
5725
6602
-2601
-15761
-19700
-19281
5487
-6737
2136
-2863
-34
-2115
14416
-1188
-19400
-19565
4876
11780
-13476
6791
9335
13940
-11076
-12441
12384
-10996
-5029
1034
-16719
-6356
18850
-13779
11413
-19856
3372
-1302
-2260
8327
-9213
7122
-12515
18868
11770
-13440
-4446
-12703
16722
4972
3675
-13846
5722
-4836
-10929
18479
-5702
9225
-12393
-9767
-7026
5676
5486
3818
14673
12916
13539
-15171
660
-15920
-6853
7520
-17693
2988
-5938
11538
8736
-5084
19643
16818
-4498
10863
18919
-1433
1079
4089
4878
1295
-11503
-6348
1084
10428
11841
9028
5772
-9762
7007
-6911
4342
7023
15477
7607
2088
15174
-9232
10330
10865
-17119
-11288
-6572
-15671
9705
-16121
-15037
12963
-4352
12245
17907
18090
3212
-19638
1769
-9148
-5162
16045
17198
8656
15054
-10384
-2523
13965
-2122
-4538
12081
-4601
5648
-11891
11246
8567
-4281
8159
6902
14558
15278
-2823
-3294
-3441
-1975
15882
19554
-11746
5337
18058
-15411
15519
11361
-3307
18869
-10680
-17022
11216
-14090
-3290
-11491
19558
-14062
-10239
-17427
10913
13681
4376
-7817
-19561
12607
9773
-4070
3310
-15009
-1842
5113
-16029
8621
-9597
-8066
-11389
17839
10824
1305
12366
5861
13036
19530
-7228
5269
1076
3610
8819
-14009
13370
7147
-330
16880
19160
19125
10671
4884
-15858
14543
18813
73
4083
-11781
-9366
-9963
-9885
-16309
5457
-1398
-13396
-19709
5270
3345
-6707
-1619
-15163
5889
-2579
-18678
-5183
13693
3481
1881
-168
-13238
5520
-6116
-8915
-8849
-14351
1521
19058
-14195
-13214
10488
16074
11574
19559
2565
-9112
16380
-1509
-5406
18117
-7350
6931
16868
4344
19636
-10771
-19865
6501
18750
-12825
-5980
-18322
-2850
19918
-12147
9153
-2325
-13663
565
14607
1535
-18308
5150
-4887
16004
11587
7552
8384
-8509
12559
-812
-9035
85
-6088
-17435
-1146
-3881
16670
-18515
6311
-9601
-1768
16828
-17486
-9587
14095
11912
17075
7143
16567
-5529
-18890
-14787
17592
-6940
-7910
15325
-5073
-3685
19263
-12933
14049
19477
-19544
351
13462
-9585
15411
-114
14117
-4985
-18951
19029
4140
-17844
-14622
16189
-12396
7285
-19396
-15887
-3041
13976
-6111
-5551
18195
-2450
-4565
1423
-13195
-719
490
-15555
8539
-19637
-18022
-14206
2875
7391
-10774
-11595
-10655
17498
-8500
17103
-1205
-8729
2574
11877
-6274
1750
-18797
-12136
8698
-16449
-17320
-10568
-13900
8295
-4818
-16435
12474
5732
-6136
19323
-6042
-3422
17779
6160
13742
-3931
9614
-10393
17188
-17801
-11550
-19440
-12144
-6891
13037
-17413
-380
2751
-7390
-16499
-10689
5129
2455
15212
1296
-6056
-7890
-3443
17798
16519
9268
16161
-18709
-7263
-15202
-15212
-9411
-19805
11691
16357
9900
5628
14953
-2165
-16120
-2377
-12614
-4257
-10135
17237
10691
13170
-16743
-9936
7874
4528
-3571
2028
16540
2109
-13921
-10237
15739
-17541
-13928
6026
790
11187
-12749
17349
-16164
-8940
2866
-13082
19378
8042
11181
-12642
163
-8599
1587
3510
13310
-11846
13009
932
-12302
18041
8382
-3464
1575
-5671
-13570
-9531
19856
17851
-9169
3905
4982
-17441
4067
-9016
-10072
-9446
-16732
-5601
16487
-18285
4038
-5768
2265
-9104
14033
-11936
-6112
-4367
-769
19880
-8060
-10829
11943
16065
15487
-1885
-948
275
-1595
-15949
-5080
-12976
12544
-6959
-9445
15634
7427
-4217
505
1299
13946
5234
-13712
-8071
-8415
4243
3321
-2142
-12595
-6119
898
-1080
13645
-16638
-3654
-7688
-815
-220
-16598
8897
-4044
-728
-3669
3944
-9706
-4944
12634
1493
8219
807
14752
19543
-12403
-1546
-11271
-7959
-1058
-13631
6595
2601
-10166
-16937
-518
-2948
-2977
1361
12407
4800
17691
3779
-5597
-1283
-526
11314
-16725
-17980
13497
13613
3139
18594
10056
14903
-11975
10495
-17451
-19326
15296
-5307
6404
-3386
2169
-16997
3657
-8498
3240
17035
9875
-13526
-2889
2707
17417
-17161
-1557
16432
16525
959
12785
-6002
6342
-17325
-12914
-16349
-17203
-2981
-15548
-972
-8437
11409
19047
-12269
-8396
19308
-6875
8346
-19938
-5600
6085
7166
-158
-4021
-4947
1323
19244
-7499
8982
-16389
8226
886
-10422
-7780
-4531
16827
6495
14647
-3523
-6711
9396
3611
-1866
-10395
3777
-5839
-18509
-12045
-15678
14466
-16232
-2958
-5076
-19096
-13856
-4689
2417
16974
11504
-14026
-450
19586
-13430
8348
-4025
16886
-14034
-3366
16652
-17044
-7570
13422
13343
14972
-9559
-13145
19022
13274
-283
11822
7749
16808
-10316
11501
5172
-1712
-9984
10057
14220
11919
7397
-19661
19648
1097
5218
-14934
12835
-11225
1866
13964
-14694
2682
-10720
-5562
-17468
-15496
-15145
13293
10527
10237
-14618
-5693
3196
-14830
12584
4557
-7080
4639
13662
17046
3887
3292
-3844
-446
11435
-18522
5833
-17675
-1718
13482
-18037
15691
1011
2616
-10640
5359
236
14960
-18080
1095
-19001
-7594
-8590
-5404
17257
-1723
-15060
9542
-13067
-14536
-9572
-352
-10448
-11388
19591
10141
-16532
1360
-17186
5604
14147
848
-6273
-2298
5613
2798
10699
-1380
9448
-17504
9159
580
16589
17901
6733
-18993
-12326
-16069
10873
16375
18648
16494
14175
12404
-5761
-3299
-11437
-7661
849
-13108
2942
4883
15229
-11762
-5782
15253
-778
14725
13074
-4637
9393
16252
19451
405
7353
-16948
19681
-17767
-247
8328
16457
-12897
-14764
-19701
474
-14142
15846
-5813
-19148
3326
-7164
3984
3939
-10088
-4908
10649
-13889
10721
-15235
-9918
-12247
10446
-8312
-13886
-8362
-11204
3941
-3200
13813
10521
13262
-2688
-12416
-3795
-16087
527
12072
2879
6881
-19966
-9633
18474
-6517
-16763
-12348
902
-12851
-18455
-9462
-2596
-787
9712
18001
-12591
1602
829
1840
-14327
-1585
-4929
11765
-19223
-15848
5980
-14049
-4032
1697
-17650
16654
7533
17405
-18195
-15739
6975
-19005
-6952
-20000
12209
-1414
2978
-8697
-16569
773
-17503
3591
11905
16792
-7421
-2872
7498
-4954
18715
13398
-1155
-4758
-2042
-17211
-19418
-204
-19724
518
-14855
1738
3836
-19707
16680
-2011
-15831
-6138
-565
-7468
1083
3954
-17699
-3761
6971
9582
-2987
-10454
3120
1507
3553
5515
1429
-17846
15544
12635
18561
9563
17338
-19060
-9529
14632
-2215
18842
-1745
-15969
-86
7261
4820
18803
15779
-5176
14288
879
-5356
-14237
13000
10147
-7522
13279
18507
-14210
-6432
15414
-10481
-5777
18937
-2485
-6227
11189
9361
-6648
19498
337
-545
-18100
17803
-2766
-5762
7324
3257
-15080
9645
18428
-497
-573
-355
-5982
-11155
-12364
4503
312
5537
-19401
-15327
-1264
-12467
13935
12174
-11301
-1125
-19428
-7692
19587
13112
7986
6010
-19292
2686
-10675
5897
-1330
-14909
-17072
-3091
-2197
-9957
6192
-5699
-3955
-12774
2488
17178
-17439
-4200
-12781
12998
18318
5361
-14345
-16889
3206
148
6180
8832
16095
-535
3645
6262
-5537
-15596
-19664
18052
67
-11697
-10856
12613
613
-4653
-19608
-18344
5851
-11908
4906
-14849
51
-12149
-13439
3631
-8457
60
11146
13920
-14942
-10668
-4516
4799
-9574
-16256
-8201
-2369
12550
-7367
17149
8511
10341
-8423
9769
-3909
-10208
-12901
18657
-12926
-16768
-19191
564
-11449
-468
12099
-19270
-15691
1082
18336
1312
18071
-7146
12477
-6551
7110
15221
16570
-5640
-7000
16887
-19710
-2375
15060
18035
-14784
5105
-8626
15938
9386
595
18827
17594
-16234
-3816
15295
10098
14212
14222
2509
3472
4647
-12558
-16147
14642
17539
-14543
5142
-3149
4712
1195
-1050
-10974
14414
-11330
19411
-17571
13120
14248
13092
-980
-7069
13606
-18127
-13152
4803
-6978
-17352
-15492
15368
2229
14361
5903
805
-16770
-2386
-16278
17033
-3851
-5302
-11967
-10616
6597
3618
-3136
-11261
-550
-19673
14604
-4435
-15976
-18261
15768
-1334
9691
14974
-10921
-11470
-10102
-3360
-6524
-19930
-6698
12077
-14860
11474
9271
9935
-5774
-7063
10200
-6822
13600
13994
17041
12197
12360
-16849
16625
-6347
-3686
19017
-11205
-1032
-13671
13008
-11149
1378
-17392
9288
-4269
11008
10043
15959
-8169
-19376
6558
-6039
12844
-7171
-7357
1743
17093
-11874
-17283
2064
-7658
15709
5849
-7304
-5616
-3679
8720
-12357
2444
-3695
18309
19793
10210
15217
7571
-16961
13492
-8501
8612
-12730
15734
-9286
10027
9578
-12398
-8354
12427
