30559
15232
-12038
-21080
-20047
23849
13622
35071
-34430
-6693
21580
21046
13578
31500
-39990
29181
-3885
-32880
19160
-13036
28045
31084
-15543
-13933
-9025
34178
-28940
-37554
27336
-12913
12876
-29787
-36752
33048
3197
-33028
35255
8815
38785
-15255
17832
37150
13793
-39431
-11126
6160
-28884
-17774
17792
2323
26153
29784
6877
-18618
6390
19760
-33093
-21920
-19304
8545
-38838
-22506
-12137
-15915
-33362
-6819
28585
-31593
18589
3549
4748
11250
-14598
25698
10624
-5626
2037
37043
-34323
27260
17515
7869
22853
1322
-3125
-16168
-22030
-26062
30026
-4107
-6751
-34109
12300
-24543
26714
-14331
-4983
15441
-29084
9558
-35568
-34733
25603
-36875
5151
-7094
-28348
28713
-11249
2266
-27550
7653
10851
-37643
2099
25713
-8973
24214
-37522
3584
15943
39095
25534
-2502
2671
29286
-7599
11743
-9572
-9438
-28008
16341
-29986
-12596
-12455
-38552
-22399
12434
-4850
38722
23897
-9144
24695
24332
13858
24249
388
36742
-20652
-34396
24714
37898
-21065
11076
-35567
27975
29882
-38090
-33951
-39136
-6816
-36285
30884
-843
-11182
-13677
12813
7681
2185
-13159
25372
-21442
-39747
34237
-28391
8784
3874
-33402
-29975
-27131
-8006
-35996
-13990
37743
-2342
-34401
3085
-16481
35890
-8816
6522
-24693
32629
-21596
-33743
17887
-36255
-32666
-15152
11418
33413
15828
-20497
30881
-34230
17900
-33108
35164
-19859
-10485
-9311
-8273
2641
25269
-2367
33053
1270
5606
-20962
-28499
34892
12415
10315
-35515
38116
20454
36928
7367
-20101
-9053
-27998
-2446
36414
-14129
-26005
-1736
-37198
12044
18926
13506
-35538
35213
21880
-13762
11548
-18197
16193
20593
14674
-37055
9919
1056
-38143
19001
-9560
26647
9368
-17927
-13971
21922
38247
-349
32267
13931
2565
-21880
12167
-8263
-34331
-16499
-39374
-38296
21787
1623
-5200
-1206
-11098
-32411
17739
-38389
24498
-24291
31465
-36568
19657
-16012
-23992
12650
-32790
-35233
20434
20987
9158
-16128
38387
-20565
-14990
-22079
11282
21772
38827
6478
-2832
-22020
-18106
-24586
3625
16818
-2394
35393
-7801
38487
24698
-31511
-5941
30723
9383
876
11650
-12816
4035
-35977
-24847
-6127
4355
8100
1367
30408
-5331
3303
8822
8523
36064
14708
-2338
-5660
-21712
6402
38270
27725
17050
33784
37397
-25211
2306
29994
-931
38080
36273
-33901
17559
-8035
35453
-27115
12928
24492
-28548
17927
14891
10096
-3960
14152
-10024
-28776
-2689
-27727
2952
28319
-29495
-17970
-23418
14017
26094
-17885
-4998
-30617
22747
13447
-22979
1996
39549
-1261
-11768
-11365
-29464
25580
-11395
-22229
25860
-14091
-19042
14131
2534
722
-25720
-1785
7174
-15679
35668
-23572
3858
-351
-5549
-31700
-39950
-13067
-17221
-23271
16474
33327
23169
20537
-20018
3673
-28112
-19135
-18879
22180
28665
2526
6009
-2620
-7311
-317
32305
12250
-37226
-1783
-5877
29553
10207
-15030
11041
-37877
-39535
7713
4560
19353
-9285
-36464
-16187
26113
36121
34581
-32659
-28343
-9741
-3057
-5157
-28666
15546
18870
4084
37768
20186
-27750
4548
-33249
-15270
28873
27303
31392
-19043
-35071
31786
-10356
-34623
30771
-2579
30977
-24836
25626
-19388
-31831
13431
7148
9795
-19529
-21543
12769
4458
13729
-32216
21909
-38809
38839
14602
32844
-26044
-39817
5114
8312
-3577
28366
12281
2475
-25173
-24107
-4340
30916
13207
9910
-27339
-32096
-35201
33492
-31121
-36826
22265
-22536
-16668
-25604
-1133
-11543
-37805
7154
-1293
24191
31821
-31942
-12908
26660
11105
3606
27589
-33421
-10800
-6390
36095
39322
25055
31836
-23614
-22966
-5093
17728
-18956
-23685
28735
-30398
13551
-20217
-16078
-712
-6391
-26261
-3345
-4575
-25819
35901
-21537
-26739
38412
27819
38814
-17714
-35346
-10809
4490
14521
23595
39943
-33111
-36638
8798
2164
23320
-32254
-32336
-35191
-8354
-23481
-24860
-23731
-29525
-38443
1729
-27446
31905
-1870
11207
1785
13688
-35595
-33161
-201
-18448
-18631
-16554
30358
-29402
-3783
-25700
-9394
-36016
33944
15571
1786
23437
8078
-19154
3445
21003
-3893
28327
8226
-36272
-28631
24553
15830
-26282
2480
15812
19769
17260
22720
7493
-7215
-25914
-21694
33657
-14342
-33258
-24565
-4368
10880
-16662
10850
6217
33375
-20873
-11051
-38032
11532
6257
-16450
35270
31746
-25374
63
-17031
-32214
-7619
-23430
7416
26555
30966
-14705
12955
-1563
2294
20119
16049
-18726
-29761
-31956
-31520
-16490
-12977
29419
38100
-25894
25900
-25664
1323
724
-23049
-23939
24145
38196
-16035
1974
-13980
-13807
-11355
-26387
-7122
-37126
4913
8334
-34645
-21411
9509
-24530
-20939
27849
4882
21214
-15431
24642
-36137
-7377
21237
13247
-30741
21040
-13391
34025
-19535
13492
-1316
35641
21210
-23495
-15700
-29486
32324
17860
19254
37443
39993
38820
31320
-7011
22424
20725
17626
12120
-8351
-31840
9792
21379
-19124
22500
19062
-25940
13158
-21877
-14471
-33107
-20126
-316
5810
-29147
25136
-29417
-1142
-17652
27024
10613
8460
-20267
15520
20590
2550
29526
-20509
35101
33541
25397
15842
-4231
-35594
-17254
16645
-20634
13553
4268
907
19803
13353
1169
9577
-19851
-14797
-11731
-37674
21697
-26816
-28416
29333
-26808
8287
-21879
29825
-38741
25142
13115
-24347
-32258
-8457
-1922
-20370
-36801
-18723
13523
-26668
31765
7584
17298
24278
8730
-20727
-9840
33522
-36350
35046
-4709
-34829
-37538
-37828
-39573
32652
-7680
-12572
-27527
-39487
18794
684
-7256
-28057
-13864
36181
-11662
-12089
8875
-29370
-8785
25195
-22062
-11536
25621
21631
-10927
-30631
31991
-18075
1529
-15620
-39036
14320
37147
23726
-1593
8839
27103
-32553
-2649
4787
-25634
37665
31219
534
10702
-5041
14985
-38511
-11491
-2831
-24054
36229
13401
-9503
18208
29955
-14108
-5319
-26691
-34040
-29946
15099
-3688
37363
32888
-27844
-33423
-30470
-26338
15949
-9748
28127
-7666
-27962
35834
-6563
-17586
10181
-10385
-16943
-37158
-36021
6188
27550
13225
18940
16275
-18597
-16991
-3002
-37586
37056
5954
36482
-20399
27058
14879
22080
-1373
-32001
-13314
22244
15584
-32891
-25585
16066
4696
26859
-8638
2674
-14919
29407
-7834
28762
-6154
30719
22095
-6088
-9491
-5425
-224
32566
-7223
-33465
11739
29927
-6964
20892
-27470
27248
38531
-37378
29279
-32274
33466
-9330
-36975
2207
-24027
31303
29465
26229
-30352
-38783
30171
11092
34634
-38812
-27575
30419
35405
-26589
29319
826
20775
-5893
-27573
17388
-12270
21406
39532
5599
-38529
16600
-3078
-21750
4977
-21318
10180
-7869
-2987
-3695
621
8714
35725
6783
-4149
6236
26247
-14057
-23957
26265
9805
16990
-3303
25686
23865
14023
-24789
-29371
22311
15479
22058
-28263
-7463
-36103
18893
1109
16916
20700
-12548
35021
34301
36428
-12419
-12458
15820
415
22980
-9675
18128
-37882
3022
-18396
-12079
-20761
-26145
-13202
-615
-32328
11875
-22614
-32153
13308
-25448
26478
38516
-35548
-11032
-23625
31134
-14402
-31083
25156
-17670
3045
-14844
-30505
-12230
-15216
18057
-1045
27412
2125
-24202
21639
18415
-3112
19027
19127
-16906
18118
38279
32118
22688
28087
4407
-7745
-11655
-27411
-14648
27557
-30031
-19697
1416
-25738
7935
-14932
-30465
-31531
9160
-36702
28364
9360
32901
31108
-38275
-34557
-17289
9900
36270
5083
8484
33679
-25497
4831
-16845
-3455
17937
16073
32572
15539
-872
-38651
-20979
38079
-26002
-12685
-33323
39167
-12831
-16029
29912
-11592
-2332
403
-11221
-3658
-9577
20041
25611
12788
-29397
34260
7013
39111
-38622
24120
34490
34928
38850
7535
-23676
17749
-1398
-28545
-880
-14958
-19361
21491
23424
19234
26543
-626
-17458
32813
15422
32127
15737
16980
-29866
-5812
-20584
9610
22398
14359
-35130
-24270
5275
11613
-17419
4423
-6286
-34746
-7088
39550
13197
20066
-10201
36280
-7777
-19209
29715
-22164
-11200
-116
-29268
38346
33247
29495
-19312
1337
18149
31483
-8440
-11226
13875
12181
20239
33570
37572
25464
4820
-35660
-9447
6929
-23373
-16745
409
28662
14303
-8352
21872
-12264
25632
34752
-6628
10176
4334
-15540
-4203
-19643
-36001
-6021
22146
21883
-11517
-3593
37526
-16858
28486
-21836
-6332
-7609
663
13598
-13814
25111
19779
28703
-30873
9267
28963
28778
-5535
-34877
-27596
29197
-6406
-5927
-8979
-23778
-8994
-4910
36371
-9702
9949
-20506
26901
-7063
19995
-6290
14441
-4949
-9739
11360
-12719
-5223
25326
-6483
-36759
-15071
-35160
-21174
7766
17668
29884
25919
-22206
-19996
-35877
10383
-16139
36835
25965
-7900
-22789
7433
-13069
-33257
34053
-34095
15269
-9392
13448
-22603
-29212
-32320
-37143
5799
26461
-22600
-8878
1303
-4162
-27812
7581
37326
36828
16054
-39566
13391
28880
-5507
-24278
-953
-19567
33391
36509
17278
29594
38405
-38255
-16521
-34058
-16273
11173
15425
958
33337
25971
-14257
-18639
6183
-15335
37631
-20724
-3958
16851
-33352
35425
22156
-18085
-4141
-21076
32217
28549
-32792
-26507
-29055
-16245
-22005
5244
-30571
38364
31502
35386
12282
-18121
39039
32594
5865
-36256
29266
16465
-33927
-1443
-15564
21630
2627
-18390
39752
26813
32587
2630
-25891
-9158
23485
28767
11442
-37436
-21342
-12456
-36245
19740
25358
-38746
27865
15179
-26569
24902
31391
2228
5163
-38588
12275
2011
-15666
-30495
38479
10548
-38216
8343
4487
39939
12032
5518
4625
26615
-4590
13217
39439
-8083
2121
19144
-625
19149
21231
21130
13703
11235
21166
-29745
25777
27703
9325
-6281
24098
-32297
-32238
-4701
-3262
13223
31070
35876
31536
-37871
-4439
16043
3325
-38171
-37261
-36119
2518
-11234
15145
-15661
-6409
-37977
-26139
-16417
-29090
-30625
-37506
26200
-34949
-4589
39754
23050
32631
-12918
26081
4376
-14191
-13568
-39653
-958
-8694
18134
-33568
2463
7956
-31148
-34603
15485
-36277
-27782
-18875
31683
6288
10900
-13235
-16210
-26107
7056
9831
31242
-26309
32044
-27207
-18868
-37429
3268
-28394
-4506
31253
-21947
4491
11580
8562
11304
-10603
2388
-11623
-23496
-31477
-24411
-39507
-32710
-8854
15991
-14864
36370
-2026
-34232
-31950
-21132
-18893
-16367
20803
-25704
-552
5892
28591
-11240
17189
-17519
-38398
33748
-17987
18766
14959
-964
-29148
33192
-9129
13997
17828
-35773
-19582
17232
28972
3001
-6634
5233
18942
29746
39247
4386
-39779
39892
-4081
36517
5046
-8842
-38895
-32488
1262
37188
38373
-33437
-13185
19728
28409
-33756
-11619
22258
-12101
24486
21927
-26710
37717
-19905
-8434
7937
-14092
-4915
262
36030
-3726
-5388
33478
-16123
39534
6041
-10306
19852
-11797
-21856
-39068
38223
35548
9421
32146
-4889
-19189
-10210
11718
-7737
-16908
12359
25324
-4484
-21861
-27272
-35587
-10435
-2234
-6767
30959
13550
-6747
-16741
-30314
-28747
29969
28186
36877
31688
8770
-21562
-19980
-11309
-12739
-3926
23692
11309
36166
30140
35935
30446
-21189
-25404
30005
15994
12010
-28945
-32921
20621
37991
29229
8229
38351
-39598
6571
-36777
37750
31571
-1796
-11751
-18487
-33015
4764
33605
39285
12859
-25779
-11778
30583
-12841
-21796
-1171
-35910
-36637
8606
-6239
23272
26526
-20614
32379
7305
3503
13261
32708
-24726
-34904
3005
-13510
19914
-22018
-7251
535
16836
-12266
37353
-11750
-17449
5306
-24958
7943
-23781
4413
34958
31390
-3682
-3829
-30577
4752
-38298
26443
-16069
-8333
-22724
4293
-13888
39194
22996
2994
-32307
24237
-34501
2241
15075
24339
-30260
-7785
-36211
-10123
20827
-33664
37779
17981
-26308
-5882
13563
22579
28879
-883
8541
5458
16634
-33069
4297
-15201
-4925
2829
-3355
-4173
24777
19708
-30476
39977
14472
2866
-4736
8283
-34544
10914
31782
-28315
-13564
-30991
19016
-38729
-15315
-5743
-6752
-12630
23590
37551
35346
6434
-20636
-2300
7894
-28903
19073
21681
-838
-34156
-25767
-10180
31252
-37952
-13121
13022
-33496
-34283
31853
-32316
-9688
36691
-8341
-16558
-30357
-26463
9192
-36454
-25867
-15939
-8719
-5687
-18298
6185
-36933
22046
572
-34923
12976
-20910
5221
32298
-8123
-15511
29451
2122
8076
-37376
25844
-17395
-35943
31373
-26990
-1403
1767
35337
-16986
12678
-6125
-18543
21651
-26870
331
-32107
7255
8985
-36417
-19730
-19810
-21626
-39351
13620
20070
7941
-39669
-10084
5183
-23908
-20778
7846
1877
10399
-9244
-30182
-8251
37791
-24131
-7200
-15155
-38144
-5302
-1730
39308
8664
-29789
-14334
20282
-15973
-12026
-4373
-11999
-18640
-29260
-32179
-1230
25076
16098
-19747
24536
-25259
6427
19703
2402
-8452
-26403
9739
-1985
-31311
26950
-1649
12012
37192
-31997
-4041
30368
-19977
32025
-28243
576
469
-32100
-7470
23186
-37489
-9508
-13546
-21784
-28366
24860
9859
-19104
36745
-10943
30845
-35238
4233
34156
-4461
-36338
12523
-23846
-17918
-36573
-24857
-27840
12006
-12118
-1496
-29559
-31179
28668
-8822
5127
38104
-22876
7149
-17780
39451
-5935
-36648
-37832
12503
-36132
-1836
9454
-2017
7648
35838
27643
-24832
-19010
26154
20791
-23690
-4339
-16713
-2138
26520
38738
21852
13733
-11550
22214
-39035
11419
-180
-22342
5192
21370
11999
17394
-24353
-18694
10852
22333
-13726
38712
-25294
21024
10659
-25977
23564
-8161
1062
15364
-19307
568
-38554
-25559
25228
-17468
-32559
2562
37522
38795
9559
-6906
3819
-28295
3385
15848
-38939
-10956
-35930
8778
32856
25629
-4596
-25232
-8733
-21238
-6922
39468
8003
4960
34498
22115
3211
39847
15482
29698
3810
21208
698
-15574
7987
-26561
26416
-35623
-24408
30389
30161
31847
-23790
29379
3961
14184
-30159
12528
29247
11871
32171
36026
-39241
-8554
-2574
20406
8270
21887
-35433
18231
-4058
-11199
-8288
24844
-15423
-31567
-23718
-21862
-26972
36393
-19028
-28799
18399
14620
4739
-34673
-18529
-12949
173
13112
28445
15161
33294
22259
29958
-133
-11353
-26405
-10625
34953
12080
547
-34433
-14839
17441
-12104
-36864
11911
-24104
-35483
-7427
-20144
-37725
13757
-18341
-2965
30507
-30865
6212
11159
18272
-31495
-26317
7245
-23574
-32078
-29315
-24791
-35585
10682
25759
27264
-4831
2064
4227
-1526
15515
36325
-37792
14664
23713
-15784
23219
-23084
39906
-26788
-24248
15487
-17392
-31387
-14532
-31359
19285
-18138
8000
-39870
3049
26262
-160
18215
-29206
3825
39952
-7829
-25875
32482
-21054
36431
-13250
-13114
-34218
454
9993
4778
10956
-11129
-23923
32603
1994
-32394
28555
12722
-2396
-34905
35082
-34711
33223
-10260
2270
25437
6919
31503
-19741
21403
-24017
-26437
-31444
3568
4832
24045
21925
16857
-10245
28038
-2676
16935
-14328
1176
-17377
-24082
8002
34650
21093
33021
-38698
-5244
12033
7582
27341
2456
-2476
-24854
10731
-25803
8043
38274
-34600
30573
37193
-32240
-9504
23978
33562
28679
19326
-33769
-6413
5460
879
-23952
-9926
-1308
-14246
33013
-22693
14188
2717
14953
19739
-17495
-8458
-12064
7189
-30911
30965
-20199
14284
-22627
-32221
-11551
-12010
-13318
-18088
9049
-25463
-30974
-34010
-10970
-21726
17309
15245
-19799
26874
-19489
11060
31178
31577
28010
-35633
39831
12084
32937
-5408
-2529
2749
29339
-20480
26635
-18637
3925
-24118
-12933
-36267
19434
-19427
-34237
-2170
11028
32832
428
25933
15793
27101
20707
-4876
22661
-8585
-26085
19366
-24235
-405
20058
-3009
-15069
3339
-20345
-35764
-29472
37919
17178
10491
-16645
6553
37075
35179
-39328
14709
17018
13540
-21743
10279
12714
-17581
-12314
-5103
-21591
10312
-6388
-22131
26246
13996
-27668
-1913
-24626
-7933
25941
-33845
12565
-39198
-16884
-34576
32031
-28705
-29992
33371
-14971
-29979
5446
-3333
20089
-34376
32586
-8617
-550
15925
-8198
10331
27015
-17197
27221
29476
3824
27046
-27988
19456
-9114
-217
2661
-6717
11095
-17592
-38609
-18366
-18654
26005
15105
16542
-35991
31448
31346
-11637
39274
-27948
-18068
17583
1186
21243
-6082
24548
-16541
-3730
29671
19843
-11165
39495
35837
24250
-148
2118
-17721
12654
-2114
34322
-32728
35957
-24775
7251
-5426
29765
8588
8637
-26302
19713
-17123
18265
6375
-22398
17456
-23621
31979
-17481
-1208
-38437
-16791
6866
32408
-25426
-3282
13080
-25545
-39362
-21958
-10783
4964
-21321
22038
29532
-39486
-19174
-78
18178
551
-23788
-5174
4514
36444
-18834
5199
-8433
-3975
7315
12354
-23510
25371
23099
35776
281
32322
412
-1788
29646
-19649
-2563
5197
7972
-4996
26469
-15285
-21569
10078
-26821
-28169
-35866
21969
-14718
-29153
-13828
28427
-17311
-26773
37942
-3326
6650
-8666
30652
2750
6798
-10631
-18162
18147
-1738
-34347
-39980
17821
-2364
1098
-11544
34811
-28000
1058
-36788
-39947
29124
-25649
-5576
28978
7230
-18235
14555
-20225
-13420
7978
-11566
-13675
-29685
10148
-16737
-15032
-39524
-28124
-39011
-10039
-18349
28177
-7669
37725
-23248
-2577
39419
22682
4656
-9072
20479
34913
-21254
22758
-38028
10749
-25476
-32782
-34985
-25960
35526
26175
-27856
-35976
-34661
27274
8352
-23070
32034
-35717
30168
9291
-8549
29255
-2329
-23208
24597
1413
-20298
-21834
-11545
-21886
-23412
-20450
-991
8675
-9809
12497
-4269
22191
-3023
-30287
-35187
-34881
-16436
27524
39612
25184
-6385
22937
-28084
-31937
-15052
-633
10581
-12770
-19100
-32915
-34805
-25786
-36056
-36772
1903
-25973
-1863
-32967
31692
31951
-2818
22911
-30149
14424
24082
19547
-12186
2926
-24515
-5530
-3639
-18659
23185
4642
-15930
36667
-39557
29781
-24307
32134
-4476
22363
29364
-16533
-35148
22971
-33123
35861
-745
-38248
-3779
-23028
-20960
-39425
-4976
-3823
-20973
-33121
-16449
23552
-28981
-27343
39921
13404
27212
628
4261
16711
-7334
638
-37042
-24949
21103
-23260
-2731
-12072
-27455
-8925
-5775
34429
-1735
15889
21326
37899
-29110
-22437
21824
15322
19733
13119
-34087
30918
39967
19824
-30718
1856
-6812
-31845
-8935
5388
16747
-34275
5941
-19107
24524
-15692
-13135
28743
-19298
11227
-25658
-16640
28723
-5483
-665
24410
39910
37432
-9202
23586
-19081
-38898
29676
39982
-14786
-21719
16992
6237
-35902
-13640
31628
-24533
-10345
10230
10586
21636
-36881
31663
22568
-24362
-7934
-5894
38587
218
-7327
27117
11363
2825
-13641
15790
-11001
-38842
6002
34939
6764
-12595
-23107
25010
4657
3957
-21409
-22920
2688
38917
3856
-6493
-1089
-31418
38980
11987
10767
-11332
-34035
22496
34161
-22099
-2692
22655
-2055
27576
-7974
3708
39053
1831
37593
-5779
-7306
-29141
-32063
3377
-12020
35423
30617
-13453
24421
33810
14009
7163
-14898
12742
-32426
-27204
-33513
-6203
17051
2147
23906
-39644
14828
-11421
-9452
-30085
-26824
42
-14694
-59
23775
-26177
-35882
-33652
-19978
11638
-7335
-18074
-28755
22294
5660
-18880
-26917
1768
25684
22295
-38245
-3772
27112
28553
15060
27823
31944
-14568
25778
31894
-24274
-15917
35412
11831
17277
-4729
-11259
5485
-38999
28803
22078
5595
1880
-18978
-29557
-39981
-18434
19282
-12555
-25811
-19924
1679
-14406
21745
22216
-11419
-23219
-4179
-36373
12702
26937
-6399
10460
-11791
20513
19388
-23811
-3055
-31808
32083
32655
-28777
28281
38934
-36943
11274
-6220
17426
6723
-27639
27834
19421
-14479
28691
-39689
-2791
-10308
11414
13379
8339
7926
15229
-18662
29191
-29263
14481
-503
37905
-5940
5489
-35808
-8941
30357
-10355
-30212
-17754
-31763
37295
-6041
-6184
-9338
18492
-31107
15887
24520
-20372
12763
-28260
15714
30137
-11374
24849
-21667
1352
19050
-26989
-39609
37865
12549
-33163
-6284
-20816
-3485
-5951
35682
-5081
-14544
33137
-9408
19488
-33050
-5652
15689
-11945
-38704
24732
-24782
-31714
39521
-23682
17270
-35777
-31789
-3825
-14726
-32058
-37086
34023
-18758
-21285
-16966
-1467
-19820
-26046
18980
-14263
17700
-32541
-8037
11080
26252
20117
27240
-2477
-20467
-6911
21459
13748
-10775
32452
33545
1018
6903
6221
-6379
17516
-29807
16091
30622
-32071
-26238
32854
36276
-33645
-34671
-6063
9353
39243
26214
-37469
7577
-16930
23912
20184
39899
-10461
28571
-4158
24764
-13553
-36713
-5491
24243
-8442
-9124
2594
29911
38142
30338
23598
13745
-34804
26048
18781
-10472
23052
-10984
15747
1268
-23147
22597
30478
32291
-17188
-12112
-12939
-34075
13698
8079
13710
3037
-23961
32611
34680
-34016
19114
-36153
10364
9849
-23922
-7980
30495
17972
16224
27741
-22376
17349
27859
5405
-39422
-18670
11771
38225
32095
24475
-19217
-37428
38177
-37406
7974
10807
35002
-3291
-18293
4566
-26448
29976
7125
-230
24951
-25832
5657
4733
27127
-10671
-9997
-26334
21240
26234
31780
19705
36457
36591
22322
-33002
-27170
-26218
27530
14940
7947
4779
-29973
20060
31102
-26472
1209
-32839
37499
-8620
16596
-22888
35677
-111
17326
-990
-7199
30125
-39041
1552
-30868
-26822
11627
13016
29850
-17589
1040
-7024
420
-6894
31226
20151
34921
-36627
-12800
34387
-12180
2440
5722
-7688
26333
21518
11556
16137
23448
-5761
20841
10786
30459
-35664
25756
-12503
5161
-28022
8420
-36519
-33869
10081
-16378
36603
10083
-31805
16340
-14319
13428
-33880
-21873
-19473
32777
-15023
10841
12826
39792
36684
-38782
11826
-22334
-30459
28594
-13927
-17847
-553
38310
7181
-31735
34165
-22794
-36539
26940
-31454
-2725
-9894
-21039
-4080
16588
24157
-11974
-16297
-7846
30047
-33115
21304
12931
26288
-8086
-10091
-18384
32443
9144
29258
35266
-10469
-13273
22796
12138
-30036
-29687
-16542
-36217
-28525
-37320
-26779
28394
-28480
11643
-4413
-12632
16985
28431
14350
-10506
12564
-31548
26402
-38956
10385
-9246
27594
22338
-31800
21089
-10754
16743
-29131
-19956
-5861
-21295
-35683
33209
4029
-39287
-32051
13135
34128
9526
-17088
20804
31552
-32025
5456
-29621
24457
25054
1424
9395
-19320
34753
11202
-31449
-26092
-93
-32219
-39170
17219
24999
11685
-16616
-27436
28678
7422
-23597
-21695
-23541
-23762
22778
11210
-20922
-27525
-34842
-36916
32328
-14002
20648
-14685
-9539
-3932
-17143
-31117
32304
20235
22744
-13105
13873
-27997
27184
-14829
-5049
-23076
26598
9040
-13058
-31944
14493
-3357
23471
26042
8519
-27394
29620
-7635
29268
36757
28823
32033
-1300
5635
-10295
7964
3145
7936
-10138
24324
8138
4658
-11672
34965
18080
-6737
-38249
30199
13925
-18291
28082
-30916
-8175
-35533
3168
-17315
-1637
34295
-31310
-8163
-21579
34984
30260
-37502
-20133
22780
-33902
12131
33877
-28935
-12336
-2045
-7191
-21061
32996
-26570
-2497
-37744
23416
16830
-7304
-12511
6017
-35301
18288
-37650
-29588
9351
-11100
-10685
-3705
-38710
-9090
-15110
35183
22447
36163
-26122
39266
-5396
-3828
-8780
32003
-8615
-34510
-26027
-20583
32688
-38891
34188
-29108
17269
-19336
-14583
30769
27655
-26935
-15252
-3372
-25611
-30598
29963
20431
24418
-25264
37299
-4349
21516
-3101
-14324
17556
18931
-27651
39768
-27148
7851
22576
-22223
10123
37553
-895
17876
20024
-1075
-33863
-3679
-9622
-34553
24692
32864
20225
28341
-35003
31869
-10677
-1777
-22417
-16102
17284
36087
-4982
-29709
3143
5282
-31296
-15045
-23030
-23187
37683
39397
3398
19767
-6114
-26523
-16026
24090
3840
14821
12111
28688
20308
-14955
22824
-38673
22316
-37833
-39575
13984
2355
19555
-34584
29944
35860
6763
19441
-11378
4269
-38515
23708
-23919
-36365
-34373
-29408
20872
13565
-4671
31259
17171
23481
17230
23092
29382
-32806
-26221
-5433
31882
-15317
-34162
39970
-7087
-4611
-8859
9784
26240
-31203
-39907
-35290
12718
-11110
1090
-39800
13364
-234
32426
-24195
-8765
-12702
35991
14344
10751
-36010
-11431
19787
10814
-3344
-10701
-4862
23814
-24425
19828
24123
-10262
6828
-32075
39442
-19869
13586
-22489
-32607
-32959
3225
-37927
14643
-19528
13007
-38118
-1590
14401
16214
26734
-33649
27716
3029
-31364
-26471
17095
-35303
4836
4322
20626
-17731
-21016
18867
-32737
-12652
-11529
15900
-23251
4533
7667
-4989
-21547
-14571
30778
732
9065
-26478
16595
-32050
14798
26686
16826
3989
-17200
-35940
-35841
-15260
35307
-9794
-32230
21387
21137
-5241
31116
-4394
-27196
-13292
-19844
38741
-10853
31535
29214
18193
-19754
-27228
-39616
5632
3880
26225
6834
-29095
20261
-21450
25891
20570
-14413
-33267
33127
-2640
33303
17469
39156
30496
30077
10601
-9890
-17075
27658
-11135
3622
-28274
37984
28942
-8562
-35814
-11015
-20258
-10448
-1044
36615
-29972
2412
17676
-15367
15511
-7880
10017
-25659
25307
6059
-8593
16516
9958
11518
-14707
2654
-17543
15831
-3865
35930
-4283
-18917
5436
-11962
-4468
18866
-4942
17891
-28090
18769
-23453
-5754
-20660
29138
-18032
11712
23368
-31214
27357
-19288
-27422
-9378
-34914
27359
10020
-31170
-34675
37394
13909
-22956
-13924
18067
-22958
-21201
16099
-24954
3991
8401
-35438
9535
11633
-31879
-26383
10662
-31167
-30956
17386
-12927
-28278
34034
15740
31221
13700
-21823
12333
11062
-11475
-38134
-30446
-22960
39643
-20251
36080
-18681
-7734
-26255
13451
11146
522
9622
-39394
16687
-35378
32464
20630
656
-29201
21536
189
-7120
-31279
-8914
34440
-8216
687
4431
37799
6080
19129
-8381
34606
-38604
-16790
-2146
-32760
38426
25864
21330
-3677
-8241
5413
12991
-31130
20417
-10947
24270
-34188
-23137
-3259
38440
-39330
-21950
29656
3427
-28494
-34488
24258
23707
25410
-28204
13612
16102
-9490
-15853
9717
-18647
31249
11337
-5256
-15736
-19865
26510
27178
-13606
-33021
-3569
-24862
23137
3329
3765
-5394
23315
-13882
-18047
17682
27749
38509
22511
32260
31272
-36274
16839
10521
21313
-1657
21282
34718
-16716
19955
-30416
3311
-32884
-32834
26228
-4028
6837
23656
303
-4136
-24193
-131
18456
-22410
38935
22544
-4418
-15272
29367
-12294
25601
1489
-24178
-21863
36336
24972
39135
38890
2021
15286
664
-3870
24494
7459
6979
12127
-39502
20940
29974
-10987
-33186
13886
1821
-15409
-24406
19312
-18307
8930
-5540
-2581
-12373
25892
8681
-24217
-4122
12940
-21598
-5966
14986
30905
-30952
30914
-12824
-24738
-9354
31517
12403
-39621
39900
-19384
-39915
-15167
-14279
-11095
32138
-28414
11024
39620
-36451
-14119
-9505
-17536
-3524
-6119
-35897
-37890
-10561
-19544
-23266
-30333
-10530
-31890
6624
2624
37101
7801
-19323
23073
25999
-11717
9228
-29336
33568
-3860
-13068
3815
481
30151
15137
-9500
1935
-18020
26631
-28011
3286
13032
30112
-25883
-35262
-6949
-30784
25812
-5785
-1233
-23977
-35547
-36763
-24142
28442
31547
-27215
4859
820
8673
27651
15404
-21914
29143
-22859
-6498
-12892
-15539
20481
-27716
38372
-13101
23777
8105
12208
-35558
28793
-35854
21090
32605
-33011
-8363
31278
-27031
-21324
17893
-38509
25032
36629
-18683
-34445
-13139
29184
-22750
-3666
11288
17261
23764
27010
-14653
-12146
8021
38847
15596
-4782
10714
-10746
25705
14816
9087
-17990
-17612
-9836
34406
12184
36021
18039
-17003
-29965
30718
-9593
-20350
19018
24006
28672
16400
3236
-20452
28509
-37335
-33102
-25008
-14042
-15091
18359
-39077
29039
24978
24980
23913
-34390
27959
-1004
-37032
