36559
26551
71513
69110
69606
-29161
17507
32518
11529
27487
-65833
27063
-76273
-25521
4244
43610
56547
34452
-51695
-33318
-11390
655
-18473
-12751
-5197
-66705
-48397
-19970
-49940
20808
79818
-51733
17869
-60579
-6738
-79232
40866
67740
45233
52150
62792
63285
37567
48896
49466
19975
-62959
59573
78489
26304
-15516
30124
75523
-13318
-34898
-49666
27173
17517
62774
49702
-21408
-55883
22941
-2440
-53622
2264
-68184
2274
-55067
33849
-8264
-6862
-42736
-27089
-13402
-42438
-1291
-66075
10956
44093
-15066
52478
-76744
23027
2794
72469
-48294
-38387
-43912
42071
58670
4119
-25303
-23592
-72416
62169
-244
-38004
62029
-57858
-56350
-36945
39498
3017
57103
-22109
31649
-68880
54124
-51770
-10144
-9595
-54574
62467
-65336
53947
61964
59138
40754
-56437
1710
-56842
23820
38688
-32387
-55584
33865
73050
72937
-74266
-71499
34640
53083
-50206
-54551
-23938
-63250
26388
72938
-49424
68733
13014
53268
-53484
-41336
1173
1366
-46064
73461
5931
-48116
-75902
33214
23333
60601
-26733
36167
15419
8818
19796
12070
40910
-18941
-76876
-17267
54240
-58134
40692
65860
43362
-73013
12504
-45273
11830
-51707
-47136
-53533
-11127
35096
58606
45231
55301
-54311
64088
-7441
-57533
-63968
-35637
17970
-27091
37081
68093
47960
55926
-47767
41582
-26275
-12121
78119
-32371
14554
60592
-47683
61777
51839
16554
-59781
20018
47379
61536
32940
-48068
71596
-21407
25650
-74135
38131
-13179
47204
-21823
57814
-28909
32873
77869
-9291
39687
-7232
58713
78207
-42191
-77315
56625
55898
66939
-43084
-35689
-62422
-57135
44553
-13423
-8702
-48604
-46159
-32619
-47349
40250
-20258
19092
-70615
-19728
29231
-56793
77103
50432
11086
-39307
62718
22023
-71188
79402
-41226
-47435
62584
-14511
-68848
58464
63752
-1019
-5726
44725
-61172
56081
-47661
25808
-45362
11844
-27874
-15776
-58928
30559
49358
-6318
-39708
-57395
-77279
13152
18711
76658
13768
-6121
-2685
-31830
5722
26971
-32311
-63716
51973
-31292
18159
-48442
-20139
10898
32321
-64057
3331
29171
26972
27827
-42387
-22161
29643
-29566
70556
-24463
8288
-32838
34690
-22474
-53415
73913
33579
-52570
23680
-9227
-61940
-12131
49055
3689
26684
-41691
-27004
6012
35312
18477
19754
-66701
-69782
-58105
-6137
16027
-21551
-2177
34447
79790
57202
61550
-41816
27813
77468
13511
19883
4577
-52958
-43938
77126
58140
427
77998
-76729
-36733
-57910
-54002
35675
78286
-25218
69068
30782
14226
44382
-79542
25093
-61847
-34735
55139
-66012
-19967
9818
-33928
56797
-11327
7089
-21649
50975
42665
46494
-25075
47879
-31206
-36106
-56773
70611
37558
-72025
-21916
15235
-11210
52939
4082
62376
21198
-40918
-41760
74678
-21037
8275
-19355
-22707
-62050
-70968
10033
-18610
78520
59808
30610
9763
-76918
47872
790
62663
10045
-76751
34610
20375
-54188
-78406
-906
7485
-6265
15971
38621
-69505
-69829
-39643
65356
-2822
50047
56844
48727
6900
-64721
78761
-46281
-76353
5541
-17134
66601
-4983
16712
2643
-47496
-17711
2855
16373
17255
-71243
68828
-49042
-18342
62081
79383
-51437
58288
59387
-12292
23114
9543
22814
-27778
-21636
44748
-60737
55508
12733
-55323
-42560
27331
60826
-5016
-73432
51270
-27652
70016
56349
-17100
24319
-67266
-38493
-59452
-20871
-63392
49385
-64948
43173
73272
76735
-69216
-15191
54273
-4128
16592
-24069
-31512
-34552
-46896
34491
68906
-74286
-13940
-52342
50907
75200
-53069
62391
76907
22137
-36227
-31361
-35378
36157
-29043
-51953
-37066
45790
-77103
-68970
73852
1945
1603
77725
-18362
-70341
49592
-70885
-20732
-5869
-42102
-15379
-57552
5218
-20719
-68007
33421
37194
52988
17282
-21661
-1493
59249
-49393
-74726
-76663
17799
21617
18642
-38784
13589
-32878
-74058
37887
-71687
65520
69563
-37113
-5573
50866
62129
-67711
-14072
-17513
-62358
34980
-46218
8727
18514
-18086
-10750
-27809
-58640
-16280
7562
30479
58433
25479
72277
71276
50578
3973
38440
2902
-55746
-75492
19133
14735
35388
37156
12990
-10554
53068
5410
-73932
-68288
56768
1218
-22632
-52044
-4634
25024
78983
-31689
55809
31294
11221
-12634
-31927
-36964
27468
-1056
4558
69237
-18934
-46505
70201
-73149
63713
-10409
-66930
-66581
-69460
43112
22829
1566
66018
22313
-37549
-75950
72059
41133
20976
-38981
-48545
-13281
-24004
-12583
22089
75367
-21312
-79610
-35081
-59924
34670
-35146
-10162
-73986
46721
-50436
28454
-53665
-26257
-14402
-24361
23082
62716
-9730
-35746
-2624
3879
-56492
-72007
-25826
-63556
-8111
53926
22037
36579
65128
23090
66057
-15384
63319
2755
28338
-44437
-4669
-47803
68920
-48667
-33180
-5739
-13840
67694
-78540
-34064
69386
-48828
-34840
71348
53475
51366
-32635
-68103
-28053
79206
61051
15701
36525
17502
23995
30829
-75123
-66520
-25364
24514
41096
9511
-7911
65017
-16469
-28030
13691
-25105
10524
43830
-25415
-31767
72073
-24485
4746
44417
27840
-35156
-3714
4386
69977
-36237
24225
-79265
-45954
20656
-16794
-21247
48739
30331
18131
-74118
40690
79820
-22760
10808
-72171
63638
58095
-65378
53687
67939
-35373
42115
-70857
40817
-4948
-30248
59468
-57628
10678
70824
63791
29276
19156
26191
12316
-47793
-344
-41279
-49128
26010
11488
60179
-59834
59543
70251
-73845
-11246
-36270
71923
4847
17791
-14255
10608
23677
3186
-65868
29233
31686
15579
-47234
56697
-65383
-24270
-77623
78673
43523
40123
548
4732
24495
11778
-21097
-44617
-28039
64485
-58825
-43039
-23913
-67946
43060
-17313
-55629
-74402
-19985
9704
-13963
25465
-53429
50615
62478
72788
4602
53576
-13696
-75691
5279
-56825
51920
48556
39291
-59863
35252
-74574
-58559
14801
36858
87
-53978
-9405
-31261
47030
-32521
-16674
72452
53572
-6548
-47805
-56662
-49117
-57072
13392
-71746
64211
-22762
-40723
41888
33511
37338
27103
18191
65626
25583
-66673
16472
51474
5012
62773
-43376
31668
56693
-55651
-34975
-38558
-53135
-73318
12838
-9272
-12337
-42426
72232
56118
63367
-76210
-45742
-19082
-30846
-24297
-27448
63761
-33622
37426
-6570
10860
-39609
35216
-76238
-58165
66405
59926
430
71465
67212
32568
-27224
43082
-45809
33203
24502
-34369
-76593
32216
18363
-36177
32286
-79043
-42374
35315
49326
-1948
55222
37565
-36542
19670
31065
-72039
47697
-2048
-76065
-68912
-47572
-3859
57514
61174
-9040
61712
-858
-23652
-60349
46980
-15310
-15236
-60311
26155
-6971
-65510
-60769
79411
70643
-31031
48666
58870
-68934
-50110
20219
11077
-14276
-61137
-60996
46962
79367
61104
61246
31079
2999
-63955
30793
53377
-16340
-75271
-74739
22807
3191
-34154
-63701
-52285
26
-29760
-54505
-66550
12574
-8819
27515
16251
-9796
-4313
63513
51944
-11867
78593
-73398
-57261
72482
755
-24345
38272
-55984
-53231
-47050
-79798
-69858
-17304
-19898
39096
-37326
69720
-8436
-473
57108
72349
30814
-50285
-8019
7352
-12578
77069
-67181
41979
-49345
77722
5320
11093
-50511
-8799
-75852
-40708
-20752
-15631
28367
66915
-67845
10441
78156
-14093
76367
-49130
53081
-41134
24529
18408
-19955
61334
-60934
17584
58155
681
-59111
-71233
73896
-64931
-18742
9927
76875
56674
70705
26318
-43754
48954
67462
29769
-24724
76552
5028
-61414
1491
-2882
-14689
-22564
73672
3676
-25929
68134
1297
72691
-41623
47106
-30173
-23631
20777
-22141
-15494
6019
17946
45577
-45011
33197
40360
22790
-542
5888
-47008
33245
76586
3315
40579
5884
-27946
36718
7557
57897
46821
-15342
17511
-41038
-2368
-20497
-7789
-29619
57089
-54384
-6251
-74411
34394
26395
77792
32721
55706
44919
11060
-46677
71625
63264
64164
50123
12230
-32841
68206
-46676
-21190
12183
-5313
41480
76452
60023
34370
78337
-79235
-32509
-57832
-58497
56851
-50647
-74002
-73301
-45789
-47629
9655
-1629
65995
39333
21402
3474
-16918
-43090
40323
75364
-69369
65014
9650
13239
58295
4997
86
76182
-71300
24658
63459
36696
-34854
37272
-28807
-59332
54136
-37182
-65062
39449
-19689
72345
5702
-78582
-25528
39491
-3752
31871
-64943
36412
-31469
-14535
-20601
-22334
-72609
61587
-79750
-38295
15871
-74971
-76824
38890
5130
54160
-57780
23311
12204
53635
32797
-1247
-19103
33588
-26376
-76222
40498
21878
29073
-60592
-54533
23477
45566
32868
70678
-3536
35071
45791
-5109
-77635
61003
60124
67382
69331
-42376
-32842
-1362
3761
70220
-29932
-47961
-3272
-57247
-67372
16266
32030
8078
-50121
-14509
-21806
-59300
-25601
43387
-53009
74325
-68463
-45591
49847
-50902
3214
30333
28833
11215
3617
29761
-7006
2076
27048
45064
-75891
17599
71175
13612
-48062
-34451
2687
15422
-78365
45655
19496
-78249
-68889
32169
-39230
-45778
-30466
-18751
-69182
-32061
32456
-8076
-26657
22861
60378
73396
-57022
-39452
120
-2736
48890
-12234
-63684
66016
13566
66377
12402
25795
79483
44291
73921
-31109
51450
15941
-60894
45094
4293
-56444
76006
47909
-35097
53968
35794
66754
75954
63142
869
35496
8783
-4475
55277
-48509
45287
8544
42003
-18167
-51259
-70703
-14441
-22491
-72047
52166
41968
-29676
43159
-39883
-49879
50436
-21762
-34380
45877
-72088
59921
72502
20084
74475
74107
-3624
-33774
6747
42614
-32944
-66047
77056
26421
52387
-38774
-9079
74799
30379
29363
-11463
-15271
20695
-4739
29361
-19761
38141
-28398
-30037
-6560
60323
-54478
-41200
-63785
4326
-5762
556
12842
67078
71849
73004
2712
14210
46939
14503
13845
-73006
-38127
47285
-58592
43219
58571
12543
-46244
-6259
-27915
63807
-55530
10113
-37193
-69083
-44108
-3513
25253
-25429
78030
35284
76677
41493
-54753
16881
22693
-7844
-66959
-36845
-75324
381
-64687
76121
-16600
-64928
15279
-56594
-15765
-64433
-19657
-11720
-34718
-37707
-55861
-59440
-74566
25644
-42690
65074
21881
61965
-12452
45876
-38513
-22033
15594
-32856
11873
39372
-27977
16320
72542
12139
35023
13485
69586
44266
-45971
-6490
-7462
79100
-39008
-54958
47549
-26641
-57245
-44472
33780
-47389
70750
8753
-71517
-71258
-31811
-66274
10085
15089
-52071
71961
72627
-11232
-74648
53710
59188
63280
54883
-31595
47850
-34057
-66573
-24822
70398
-1364
3220
35839
60700
24189
-72641
39603
11872
-34532
27599
52828
10404
55770
-65973
-24726
3825
76350
1293
52728
-53843
37727
-11670
-74408
-25070
62330
41191
33410
40960
-18576
-47557
46529
46672
17326
-26398
59320
-21203
30597
16357
31250
-22834
-41009
43816
72974
68527
35034
3324
-41027
-2308
-69667
61928
40526
-60051
26752
-77585
-57113
26584
28494
-77632
-13718
67068
54127
-29004
53693
-10179
-54549
36627
-13866
-6415
-70621
-26903
-25349
55360
21641
-57961
71038
10499
-40581
21962
-56579
-54844
-9421
43579
31285
-76390
-32786
15005
-19199
13985
29811
77304
-56011
-3353
-28871
-71302
-8336
11043
58781
-34779
67815
5792
67032
26868
35494
35272
76643
56745
56267
-14340
-50359
77417
-54600
-3347
-63433
10134
14763
-50590
-25476
18596
48624
-44566
2609
41995
-53259
24233
-711
-38425
29047
-51134
56430
75471
34884
-51488
43867
-9602
-18649
13952
38202
-39239
-33729
-74060
38072
-56841
-15388
45487
68112
20969
-15389
-38479
-75756
31105
-51704
-39798
-72540
-50666
57192
70724
-3311
24705
-61017
43791
-40292
-17014
77271
-8560
-25777
1414
-31016
-27773
7120
-75394
-55663
76901
-66034
-11701
9613
-52810
6093
16083
-12005
20158
-60167
-10230
-77095
-17541
44507
-51440
24144
17583
-10436
29845
-4833
68541
-58731
-66672
-36595
-7112
43333
36413
-54491
23565
30821
39091
22770
-15311
-63365
67804
21713
-63524
-32907
57516
56446
-68146
-30393
-3282
77647
-68359
-79160
-18429
-64048
-19681
-3301
22464
6964
-76510
35756
-45514
-58995
-58301
-53985
-60582
-79898
69105
61527
11627
4456
56100
-12125
36303
-78723
-24590
18612
-22996
18092
27583
36830
50644
-694
-19489
-66981
73835
-36827
-11808
51837
-76636
-22238
-45576
48607
-569
-64376
-36546
-51936
-35002
41720
-32603
-45969
-48210
17085
-8442
30979
-15637
29567
-66921
7670
13000
-17400
-77500
54369
-23384
-1974
-36949
16902
31613
-17144
20296
-50813
-56944
10986
43723
-20825
-30176
55442
49789
-70871
-63737
33539
59906
-22338
-70187
-1196
-50955
-65734
39410
60350
-37185
3657
62672
74086
6107
-4488
28286
14202
78175
42499
-29954
33792
-77033
-22087
-72144
-60597
7691
8331
-62561
27704
-14220
48116
25240
-53169
-4538
-56431
49695
14913
6246
-71244
48273
39834
-30533
-10667
-76632
45722
-35004
-54039
-52719
-10297
50520
-10858
-68803
19959
-546
-44447
11567
-56655
32931
51158
-69611
-59401
-50460
23974
-9651
-45275
-32127
-45938
-70829
-18857
-20829
-22135
-67805
-7197
65691
66161
47718
41290
35197
37164
-39155
-38089
71209
2463
16461
-71765
57151
41503
40909
-57281
44876
-17798
75389
75041
43803
38058
-78403
-47309
-63935
-74340
-40922
59235
71071
-22066
-77158
-12290
-39530
66483
-34205
-27587
79102
-55060
78699
39082
37922
-62624
-74044
-72722
76446
8124
-10280
-22158
65143
58060
-11079
-14246
25677
-64022
-31286
28287
-8716
-57355
71437
-14986
-20694
-1957
47161
62692
-31367
-3937
68214
42551
-32408
8931
62545
-58959
-58129
47591
-39430
31617
-30095
-25215
-62012
-2930
-24260
-43539
-52725
-6200
24565
50465
-18117
21542
-26902
17505
-29035
17252
-60636
-73148
-31536
33143
4111
41470
-50296
45565
1199
19645
67254
2266
-22261
-24562
7879
-36323
13371
-78749
-67611
269
-44836
68363
40359
30419
34545
8466
46791
73483
73487
49188
37879
28711
68958
-50549
-26712
-28943
36016
-15075
-45656
-31314
-51780
-57471
56752
1211
60984
-5572
-9202
3481
52058
1422
44490
63595
5512
-15889
-1994
-56317
78821
-50980
-16596
-50389
57818
-21114
57328
59627
68380
-42751
-57182
-66597
-48266
-76838
72834
2345
19163
48770
49961
-73803
17097
78230
39243
-18804
10829
22683
-5518
-70142
-6464
22182
3736
2226
-60406
41623
41405
-16779
-52159
-14879
43223
-37697
66359
-54228
-55483
46203
-66474
77243
-13808
-42287
-15797
-20165
-67884
-9846
-31940
-42111
69323
47680
-30463
-28131
78299
60243
46992
-47174
-32262
16511
33220
44651
-58738
4072
-46271
-71533
-4889
33132
-74813
-22306
72950
-3677
-73347
10418
-61561
-12299
68198
63343
-62596
53209
-31731
7975
34138
62431
-38061
22716
-77498
39941
42597
-26696
-54521
79575
-44629
9050
8532
44624
-28004
-58356
10595
-53436
7139
27510
14487
-15693
-62966
-61136
68894
-74347
-10462
-17092
65376
32678
-3870
-39101
55867
-31014
-27799
79474
-36116
24663
-76597
-15122
-36189
-74422
66808
73467
-21642
-20129
70649
-46642
-36490
-60201
-72683
23705
72684
-20847
52302
28262
-57408
-72920
-66206
14577
11037
36348
-14887
29871
-78104
51473
-29138
-3176
-32138
15159
55242
14976
44588
64737
-39919
-16572
50458
-3795
66237
41303
11065
-16192
30449
-69665
22377
-39641
28839
46306
14512
45353
-12518
-65983
-76445
61606
52039
18423
-10995
-32142
-9797
-3212
-44827
-38910
44169
47091
-47908
-41866
-34294
70731
-69061
-5411
-70156
35214
35274
-58462
65109
25739
55873
41338
23253
1798
-24202
5155
-72467
15640
-58760
49946
-24357
48230
47704
32651
-76572
20157
62489
61981
-38660
48096
-73173
20612
13934
62366
-34351
-19516
74262
-51346
71070
-76858
-50150
-41703
32101
1102
-57369
33640
-19037
-37861
-3047
19203
-75725
-19160
-22830
63530
51289
13605
-5515
64603
-30586
3078
28444
34957
38225
32746
-43065
-19142
-54401
19526
-54783
-23488
-15317
49286
-53067
50921
27913
-39993
-60948
23944
20390
39350
-15928
-48038
15786
4925
-37684
6415
67782
19551
5066
-69045
-57318
-33669
27547
23094
50678
-40273
-69972
-20975
3368
75002
-34608
58849
-19682
-61212
-70902
-37404
-18029
-9739
-3206
39485
-36233
61311
76884
-76790
-19825
-14284
64965
31337
61431
7457
41046
-44724
26396
-54856
12452
14214
-40158
20312
-36477
56692
-28846
42589
46850
-42329
41985
-29420
-52055
71205
9135
-76022
32425
23741
-41797
-41524
21557
38405
539
27203
-31519
-29484
-14658
-39912
-43698
45362
60884
45228
-44887
23577
-62867
6898
-50263
-25211
40100
-17892
36282
3566
45941
61457
52878
56756
-34273
-10987
34175
1594
77139
52962
55230
17587
-61677
-63138
1020
-57271
71020
-54757
-133
18717
56152
36433
62329
-10985
-1518
64299
-35347
-3017
39782
73184
41513
-10394
69999
60690
-7931
-78605
302
65058
-74638
7993
9083
-34977
-14023
-43215
51567
-10572
62708
55233
53858
56726
63473
-20479
-26033
47577
28389
34616
28036
-68793
-1712
-63497
18552
-19930
9153
-3179
-45992
25996
56146
69540
40193
-74576
-59956
56092
46603
-76377
46426
24982
18545
-3984
11500
-12105
14486
79678
72252
-53228
22225
39438
61028
-14254
-1241
-45057
39862
-23551
74847
-10442
-27702
-2239
3007
65945
69821
12314
-51812
-9509
-65100
-12723
65624
66946
52938
43310
49795
-11019
-69576
34894
-1691
-16709
-58219
-5185
43259
-52177
55346
26628
74638
-60805
-79731
-46598
70578
-18215
22295
-27576
-3644
64429
-852
-55798
33397
72139
1301
-9249
-37189
-59373
22617
49085
-9239
379
-38596
-20315
-10140
-20166
47016
-39383
44634
23325
67947
-20835
-35279
79755
-59304
-58917
14147
16410
4958
63417
-30369
74723
-32475
-2064
26176
48676
13738
59580
-25679
-74485
41637
-78600
39503
37520
21190
57629
-73454
-6852
-1980
-21974
-18591
-49591
42628
39046
49248
49112
-11348
-72000
10014
12775
43731
-16921
-67153
-34771
-3840
-20667
-17098
-51443
5337
-40930
-68503
26729
15651
27774
-71400
-59528
29273
67716
66583
-45739
-24711
-51212
50279
53389
48004
-23868
25092
10498
-77287
7071
-67133
-57948
-307
34771
-56807
49446
-58382
-39487
-30249
73362
-47351
21539
-26573
-37268
-67954
7641
36163
66076
17471
-58748
-20699
-21401
56731
-2114
78373
22070
-75359
-50977
-47031
-61171
19406
-25154
-71577
58491
73209
-31011
59648
23389
-55106
-32501
-56411
58359
72160
-66344
39023
-76901
3857
-25586
16996
-35261
-35997
34474
-63580
-47113
56878
23525
53629
38628
73446
-58216
-73462
-74082
1968
71991
8878
68296
28071
-74313
22297
-10899
-24759
22202
-12989
18963
54410
-75344
28402
-51310
66170
11796
-7915
-69867
-18246
44170
-18953
-51486
34930
73624
64562
54553
79911
27301
-61450
52685
30440
31716
2801
69313
29061
-1029
72551
-56868
43108
66390
-46796
4741
68732
-52535
3398
-18887
-43608
61275
45651
69549
73745
8819
-19106
44547
55030
-25298
-35162
51555
53285
40473
-56227
-13722
-264
-78270
16270
-43942
-55020
-1084
-75670
-65920
-19693
-74939
-63076
-77439
76078
1051
-44671
-48564
-66615
-25970
-78586
43763
-71788
-67566
35296
33005
-13846
-55899
21138
26942
-40913
77412
-38841
32288
-21342
-56491
-10755
-34462
-50149
39237
-22720
-55245
45994
-61855
-1997
69588
-31803
19973
-73164
65358
34720
73787
4390
-52821
11121
77106
-22370
-50039
-29539
-17066
27253
18326
-64925
-67243
57963
23865
58791
-14192
77881
3969
62162
63027
52360
-28991
-929
58625
-75508
-35308
60368
-78064
15668
26864
-54353
29037
12801
-31425
24213
36882
18048
16498
-12803
-62133
30523
10397
17371
-8286
58792
-19410
-71500
17514
-24633
-43277
38338
37108
54477
-17424
-59985
-65876
-21533
-40429
51048
-73652
-53767
31060
7729
-33652
48371
-65624
76117
52433
10210
-9642
-72093
73608
-3468
38274
63360
-39956
-77049
20039
58322
76959
1587
37191
-65749
28279
44992
-76740
-66229
-29418
-48416
47631
64971
18201
-61896
66506
65541
50190
-13857
-8247
5655
6348
15280
-28114
25121
-44485
-15111
15742
28233
-8185
3468
-5523
-61213
6065
31002
74640
76840
4517
39174
64623
-13381
77159
-10658
69152
6003
66984
41624
43230
-74838
-54557
-7946
73306
2107
29974
-38121
-8561
62960
43565
49872
74272
-33733
-30109
-68773
-47249
-27161
32429
32037
-58150
-24604
-10138
268
-15253
62344
22786
39860
69947
49626
34008
-15165
-40142
8445
47677
-18387
29960
7389
49282
-25977
-49292
41618
25194
23393
-1503
71371
-73981
52740
12628
-50159
-23584
16825
21488
-56558
-55734
29883
-56679
-19413
-11396
-29214
70631
74736
-20838
2141
-47244
4163
-75618
60769
-39978
-56572
-1294
-47291
74491
-61944
16097
-34376
-42090
-28328
28564
78854
-41514
73178
68769
30277
-16120
-68589
-3103
-30689
-61036
-17324
59830
39371
32459
77496
68321
-25961
70334
72266
-62390
63425
-50978
-21475
73971
-17689
-11900
-22744
71757
26319
20901
-51764
-18500
-27644
-22259
-15114
79505
21419
-39559
-30059
-66561
-17464
62869
-76909
71474
-11684
19429
-4007
-7937
20001
-70116
45162
78233
70632
6112
47733
-74975
-9162
32791
-78617
52759
31592
22562
-6038
33074
-68069
22909
28239
56758
68048
28332
24021
-21051
79044
-50485
70748
-35648
65437
-71438
45195
-6149
31207
-16404
-75203
-60507
26711
39775
40848
-70531
77622
-49210
-27434
336
52089
-57280
11429
-17709
-55446
-1638
37077
5430
12626
48826
43478
49696
-9691
-6539
65413
22970
41304
44366
-7708
53148
27679
-2295
-52388
-14845
22722
29704
29400
-6940
-61635
-35181
55981
79940
68229
8908
49723
-48215
5288
-13924
-79047
76160
79238
15801
52628
-13477
27028
-63328
-45758
54094
-6888
62924
41030
50082
-73354
-73974
61097
31407
-8714
-76074
61937
-40295
55779
12976
-58879
-63390
-11163
54062
-47297
-56009
62275
39712
-43185
8933
-39661
-27572
-34704
-15994
-64708
6598
11377
17279
28795
38701
28755
-30876
-22164
37365
67608
-34241
68390
45828
-1224
60164
-52116
-79271
-59189
-27535
22652
12110
-12043
-77503
1005
18154
-11183
28112
-17312
-32839
66618
-39536
-10982
53256
-30360
66528
-77704
-42037
75067
-15105
-17159
-15792
-35952
33818
53041
-28317
13429
-11936
64406
33349
-72269
-3970
-9111
-18274
-53912
-134
-18569
-71124
-33444
50724
-40997
48983
-34579
65547
-74972
-19030
17156
3910
29009
-20908
14532
-40095
-34228
-49958
6734
67372
-78688
-42650
35111
54436
-42754
-28947
36864
-49450
-65907
15645
4859
-52680
29976
-3462
18684
32315
-38525
-11688
-61365
-27759
-43371
62000
-49254
27147
817
-72023
-33383
79409
-58283
-46654
31602
6683
-63808
51090
14891
28737
-59088
30877
-4486
53617
-26317
-50579
64004
13644
-15284
-13044
77168
38089
36337
-78141
-37822
-66965
-55713
35092
-63116
-51845
-48776
-69666
3721
-42611
38123
-24744
68216
-8874
22453
30259
73974
57842
-30852
-72521
60518
35490
56140
53149
60320
-31537
-50049
-18511
40481
39715
-42031
-38520
35838
-6489
16837
-31953
57288
-77613
47478
-14476
15492
-23438
28419
-30457
52048
18827
56601
4020
64210
56194
-37710
32695
-43451
-15623
50038
-1959
8174
-23336
5974
-63794
-24249
64911
-37483
-57025
76918
29424
-22277
61696
50889
70953
-28146
50067
-74196
2602
2024
68423
46254
-40804
48544
-42132
-48393
75805
16739
-54454
48051
-23375
38778
56557
79125
-40687
-78923
63999
46541
72711
-46655
20505
9808
-20455
4241
23361
35123
-48894
17534
3572
-51367
18695
-23730
44102
32452
74495
76455
-35623
-74736
-68157
26835
-79393
42932
59747
25631
-9078
-62484
-65795
66497
2453
10027
24654
-496
-9800
51207
-78368
-24388
46305
-76932
-8064
29833
-32927
-56850
15467
17746
62930
54096
13944
21366
-36952
75548
-36038
-27292
-4565
-70741
-38550
-8525
17792
-4944
-74602
-68883
57464
6589
-4971
-66746
-71100
-61902
-47559
-62948
-51771
43985
-42040
-46411
33822
61312
76744
-67064
68674
-70880
40105
-32498
49268
-44758
-42875
-66205
71267
10598
-65945
-8405
-67787
41584
68540
-72502
-20343
-21373
7030
-73491
32587
74359
-10032
-23773
71929
-10221
66145
-50601
39559
24950
34749
-62416
-11658
-58725
-55087
15115
19377
58717
-18788
-15046
67792
41275
71764
-21557
-6465
-48573
-27405
14945
-27307
68324
64748
10089
24590
54353
-72381
-17515
32824
74619
9863
79306
-1789
7934
-52643
-44171
-23103
4717
40662
-23816
50928
51965
16765
-24682
-65908
-33221
-19132
-23270
-28524
-41449
-652
-4659
18115
-41354
67768
-54349
11988
44127
23261
71421
10803
-75168
57366
32003
-49721
-8376
-12004
54620
74892
-35966
-1660
48407
13008
16771
-66777
-27592
22112
76506
54092
-15505
-46481
31734
77128
-33056
22397
-24754
77890
75601
-27982
9738
-3046
-77359
45794
-6871
-2215
-17415
6961
-57554
61919
-21928
62079
-66989
73035
-36886
68012
11688
-24400
-37363
-67275
-56005
-33242
69830
-61000
71744
-37061
34607
2932
36229
-1064
21194
60307
-75878
6813
59476
-1050
48760
4496
-73767
-35905
28341
-68738
-27247
-24074
46456
20885
50181
60541
-14538
38453
60487
61093
66327
29038
37397
-58006
-9017
12523
59448
99
49803
78004
79915
19507
12821
-57461
54170
-79486
54354
-27301
-9914
50319
-64219
4563
-69077
43095
-61323
-67089
-4857
40747
42394
74422
-25315
51879
-55819
73803
72633
-23214
-11523
-44105
73368
28527
37813
37972
2190
34935
-55991
9729
36907
-28529
-13687
-8655
2082
-6414
-79857
-24438
-18999
24711
-18548
12530
-17978
44421
-35234
72336
77467
-46857
-44646
-51756
17250
-73874
-74355
58388
-49509
67510
-14432
-30268
-2787
65013
-65538
-54348
69215
-45106
7141
71981
37303
3685
19993
3757
22207
8318
58584
79798
-1869
68745
25387
74424
10753
1164
-17291
43969
-64886
73902
-7724
-25109
55865
-65800
43494
12051
57398
-6936
17760
-5750
51087
-19581
51499
73281
65012
73505
9944
57217
-76043
-12305
-56176
53002
-39818
-69149
-37090
76303
-10282
-24220
-41885
-9711
-64858
-42695
4377
-11459
57259
-22653
-13690
70892
-52234
-25761
-22515
43918
-50423
-43616
76838
-22764
-52307
-54764
76029
76500
76581
-49003
29873
-28
35545
-53158
28626
-33857
-43532
1735
-23932
44193
33482
71676
-8199
-56545
-35268
-65535
-38241
46829
15546
39940
-55537
55192
66175
43213
40339
47845
-52187
52970
40494
21209
-50398
7838
64768
72183
64887
-69290
40287
-28406
23465
-17773
-22397
18392
54916
19652
43200
-63970
-41632
16242
27886
-54970
7272
54173
-61041
58393
-62831
-49551
71118
-64669
23490
4204
34155
-44457
-29296
-69475
-40774
9432
-38346
-48511
37917
51960
18398
9247
-57839
-32382
41936
-18781
34043
-48740
-57070
-1511
42259
24143
-43480
21313
-76457
34145
-70875
-8563
56631
6701
-55137
69190
-68599
16621
6075
-15881
7437
-66639
-6052
-78677
40978
-45253
5517
31735
-37885
-23716
77799
35036
18547
6936
78919
71719
58758
47245
16655
-35859
35590
-10795
61128
-10023
49242
59564
73829
53400
73887
-46483
67339
77175
53786
-69913
12271
64073
981
-64391
64790
31500
44007
-14589
-7286
-12040
35738
24497
-52943
11581
-17601
-22365
20606
-2856
-39428
71220
-39833
-55624
-69151
-50314
-3429
-78807
3200
-45409
-35982
45174
-51687
-15451
-34085
22649
-50749
-44369
-45731
-74203
-50945
-29036
45865
24154
-45241
51192
-62164
-49966
43941
-67552
16617
-29449
10356
-57964
-51954
-50609
53312
-55346
5854
26742
43135
-47748
-68227
-27387
40620
-46065
-10426
-23603
27478
10946
60277
-22839
9142
4914
-70869
-11965
-16442
52865
25680
-63723
64624
19301
62157
-66023
-62703
63186
-18491
1246
44735
23914
-31969
42531
-45456
59754
50686
-70391
-4055
48226
60793
-71079
-66841
32906
45176
-6367
-47383
43218
-4813
-44810
-32137
58010
-12309
5238
8850
56133
57095
-78609
-42632
54773
36674
-2118
-3811
-1344
-53602
79991
-29259
-45496
15241
59818
-8473
-54772
8811
32070
-35416
-16650
31556
-27193
-45704
65010
27423
61688
-78091
28691
-26927
-26973
-48707
-45727
-71993
21941
-58034
58775
64081
-65827
-29658
-17531
-73014
39257
-915
16691
35293
-72574
79000
-26860
30256
54723
76116
-11249
-47488
4319
7694
-61293
77682
60695
-2647
-73450
19233
51334
-72913
-15912
7191
29211
53129
-43456
-17218
-20059
17476
-35196
51479
-28550
-45965
10624
59715
-69010
54332
-8244
-4218
-17341
65073
45410
33156
55515
-39306
-49064
-61300
10024
-35621
-26369
75192
-59056
-22917
-12091
47013
55538
13802
29381
25214
-26750
74559
47544
-46592
5593
-27127
-10761
-24668
-51606
-9530
28858
43683
33105
-46759
75764
63397
-47755
57791
-29194
59126
62499
6273
16558
63933
-8235
76149
35796
-10926
-55116
-23293
-57327
29520
44377
59281
-59105
4551
2853
46663
-10474
456
48660
28985
19606
-35152
-71070
-60690
23590
-42572
22060
-37897
56861
2745
-16146
-65586
21409
-16359
62682
-55330
28539
-7826
62698
28524
-47993
18421
31274
-76423
57242
-50451
29349
2292
78964
26061
-4805
55104
52711
29896
-73211
78667
-11955
39836
61522
-962
11478
64954
-43281
24996
-16336
47767
-20081
-10072
-36650
31751
5229
45254
-34571
37279
25338
66256
-6088
74012
-67505
-9109
-26563
-68472
34984
35279
32055
-15326
13409
2538
-70884
-31823
57437
-55254
65303
-33779
20488
-31635
32992
-70835
33784
-51453
-73383
6110
-2394
54046
47792
31312
20814
-28853
16440
73549
47223
79971
-59271
-61071
12329
-74009
730
-44886
76385
78273
35414
32215
-76103
35611
42194
78189
18072
39138
-46158
68872
-43771
61539
-30149
-77155
-7063
10522
28956
73383
70790
29385
-68650
-12244
71387
40740
28715
71410
79948
-66939
36417
-11686
-42034
-40280
40337
-1146
-39698
-9009
-34335
39891
48830
-32005
-8683
63522
-37057
-48933
24714
31330
57155
-73260
-70049
7580
14790
29104
23458
-73696
5682
-46862
-43732
-37439
46808
31056
30113
-55488
14798
-19118
-20712
21452
33025
-55582
-74967
61363
25705
33431
-17600
51753
-75860
28487
12765
57893
13910
37911
-39490
66250
24027
29679
7155
-10034
41589
70671
-22759
-49675
11042
-10774
-28940
50778
3552
-59558
50873
30305
-73058
11606
-19358
-70345
50126
-78550
-71922
-41379
64708
-17857
-6025
-11898
62703
73934
-67097
-31309
-60289
-50615
41260
75008
21448
-53886
-79222
29499
-58475
58856
-41047
-63420
30099
-50058
50285
-59064
-22427
53528
-47505
78148
47216
35504
-18831
24853
2681
-48491
42726
-48697
34603
-28712
-39651
-72744
51617
-29470
69801
27947
27372
-68651
-53589
-66304
-78334
-12986
-76278
43491
-19626
74999
-68507
56638
-67079
-54522
26012
48316
62722
-68008
6282
-25988
41763
27283
7274
51639
-67531
601
-51231
-20309
47590
49495
-19610
-5407
74854
69413
29404
33966
-37161
-62702
-28133
-39382
79840
15858
-59078
-46272
-54033
40261
-4132
-52012
-23769
3979
-42989
-69257
24335
-53448
-69376
-31599
42728
-377
61386
-16609
25396
-67080
-43145
29809
1192
-77830
-15486
-57950
18047
48452
3212
67306
-64246
71524
12170
51171
49471
-41176
-50573
-75213
31268
-19866
-19506
-22984
24004
71419
43187
-4537
-2758
45732
-22544
-40421
-12983
-9669
-62792
57662
14983
64123
-67924
-46562
27011
32400
79827
-52975
-47905
-35501
-22131
-48438
-18687
64779
55210
-76380
4122
27844
-61275
58777
-52927
72889
16863
-58571
52068
78042
56654
9474
-5609
63303
44059
25979
39951
-64831
-11997
39845
5658
55480
65644
-48400
-16931
37951
-24371
-67536
-18266
22051
79553
37517
-32756
-62062
57583
-68411
-49337
-12828
-31026
-64483
71634
25225
53575
-41490
52904
64892
-34804
-55878
31149
67985
-803
-30078
16669
-52465
47651
4385
47887
-79212
-40307
-12280
74062
35615
30781
55759
2507
59038
-77465
77783
-33394
66099
-50471
27882
-48146
-27973
48637
-27602
33894
-4502
-72004
-77179
18795
53278
-77855
-65074
23887
4982
-1720
-77389
-4351
58677
29098
-3337
6817
-46143
64403
69096
-46324
-61413
45951
19528
41759
44984
-65839
-15320
-73816
53636
18129
-31860
-53126
-2442
2197
7102
-75626
36734
35037
-30614
-58878
-32857
-56806
74354
-13633
26634
17377
-68042
11592
-35359
-38833
-38472
-5120
-43576
18166
-64439
-60090
3887
11277
54404
-22036
78309
65092
-3240
-60459
-17064
63802
-36706
-72898
40144
-8364
32738
30448
52237
12358
12783
78165
-72399
53691
-49323
45414
-68737
42643
-38709
-5497
43753
60221
-15300
25693
23979
-13520
63462
68960
-34070
67419
43100
25962
76230
-46822
-4992
-20889
-56524
-23461
-25643
-59048
11783
63927
53341
9114
-28094
74890
58158
4728
10537
-49806
76449
5841
-4416
-61687
-20357
11985
38457
-41887
-50607
-59430
69567
-13595
19967
9218
9305
-17621
14506
28383
-77034
-74938
3333
-38475
-66867
-31447
51475
-50125
-31184
-1868
-33620
-22058
66714
-51306
35829
19592
-23127
-17999
31607
76743
32999
-708
21703
40950
-17214
58472
-43625
64008
-47260
-71964
-49643
11970
-22417
-24475
-45580
-17917
-76913
-67836
69146
52200
17240
-67908
78050
70730
56409
-61222
-78735
65950
-19834
-15030
-8931
-841
-25692
34379
19308
6041
26215
-61174
69131
-39740
-12009
-72944
56810
-66786
6418
10786
-9280
47112
-59994
-74182
72813
36804
-7365
-38926
24840
-40085
-13779
61245
28381
44955
-56456
8449
14449
42961
-67251
64816
70380
-25061
-22550
57794
-58071
33701
-70605
13232
20029
-78786
-32885
15123
-52430
16183
12477
-69000
-19029
62039
-78271
-31829
39522
38546
64372
-57122
-3615
61381
62396
-18974
-72512
15316
-66717
-32036
-17084
-74801
13692
66061
71773
21664
-38973
3559
-33823
1889
-36428
3971
-76267
39462
33196
68255
60725
78733
-39088
-37091
37923
-39236
-39945
-1076
-13275
22268
53583
-41683
24483
72259
510
-44473
-28776
-21419
-78755
-42057
39279
-44111
70465
43989
-44275
-49923
43716
-7473
26138
-14460
-60705
-11185
-33462
218
-51359
-18112
-18242
19401
-36110
-19366
43620
49298
10410
-44244
43979
10791
-67784
-15569
24322
-30332
-28987
-8787
-22798
7265
-12647
-47506
-78322
-48162
-12329
3180
-39469
-5607
40436
11776
-9762
-78701
30341
28325
-30401
79246
-77816
44730
-73992
-1062
54676
-24558
45450
-3669
42433
-17414
-65818
-15779
-75466
25492
59973
59392
-63856
-2677
11258
-48944
65337
-43385
-47328
-17006
74875
-27284
22330
3367
-73656
-78657
56395
-54104
5563
-321
-59817
-47754
27904
71716
-71771
-67390
-73249
-41919
-17117
5388
64717
-14487
32637
-58409
31342
7646
54581
-50962
-28605
66929
-36262
-34555
10794
-27156
-51385
-66153
-24443
-41403
-43056
-72074
-23974
-13155
-50078
-32272
-3202
-9641
74900
-43798
58156
-8010
-37466
64121
15106
52546
19177
10383
22243
74106
-22400
-68052
-29602
34982
76668
-79824
-44609
-74003
-69938
77653
-35953
-8773
28409
42193
29107
-40375
-23543
28236
21899
-68119
17848
39293
10040
-40038
-60069
-36771
-42900
-35534
-26188
64275
6587
47455
-37787
-7954
64584
-79312
-42573
8728
-52134
74728
-53742
32108
8315
34220
-34030
33658
-19971
-23234
61669
26668
-34743
-41983
-64675
-58420
-25908
67646
-25627
-29824
69885
59821
-53585
2991
-78005
6202
79571
22695
-23862
51275
59980
-26004
-53675
-4844
-2111
-51040
-73084
64459
17660
53622
-79109
69264
15256
-54652
-43233
57388
15529
-24450
-8724
29922
29471
-1384
-64785
35634
76524
59892
-25519
-12142
56772
72097
-57259
-13296
-74688
32853
8336
-34710
37884
45063
45662
11926
67883
-18205
49200
-8733
-77090
73895
-30699
-59991
15067
-49101
-3092
-6384
78668
68710
-18270
68689
6541
-11340
22891
68984
11817
-39065
2101
72715
-71535
18503
45356
47344
-58628
-2492
-75590
-29587
-306
26820
70452
-60840
78272
26671
52523
-45228
-59321
17221
59248
-50762
-60356
31348
24041
-38905
37715
-6969
32617
19325
-12382
23109
-64542
36439
-34687
-41085
-74139
-15923
-21112
-73426
63762
-17808
-59497
-28717
-17589
69842
11886
-32267
-14188
31778
-5302
-3863
37208
-43724
76543
-77337
9793
28605
1144
-8889
-75131
78758
-78092
26509
23908
27413
37370
47737
-77914
62797
-65539
22916
-61341
16454
-73022
4350
-31971
58292
2290
-79843
53868
57804
-59886
-8727
51142
-57468
-36697
60501
30555
14320
26291
2777
48680
69389
62668
-8814
-14852
-71951
-54097
34856
-15886
4936
-34029
59159
-13467
-13543
73361
44393
17785
-67500
-19890
-4103
2908
-77763
52705
-47138
63181
6669
47083
-14353
61890
54223
-45543
-43715
54544
-59828
-59269
-38048
-38077
-58391
-46415
49076
68265
62063
-44259
23933
78267
-77647
4571
29547
3773
17645
-76613
9352
48329
-48966
-55508
55200
-39039
-14563
34573
14371
51863
-21740
29427
-2044
13876
-76565
-24541
-25337
788
-19574
-63124
66064
-23805
-16712
-16453
20282
38677
-55289
30441
-62820
-52919
-9185
72635
-48748
63419
41390
57143
29440
-10702
-11729
3540
-67189
48115
43165
79055
66709
-39542
37582
-64816
61215
34231
21639
-29754
34328
-62180
33417
64352
48182
-52401
20306
37078
-3324
14159
-13742
-24736
880
45065
358
-55742
-78188
-17298
41924
5082
64773
54126
1809
-26236
-28244
-68482
44910
-76642
-16109
-76005
37201
20456
-76709
22364
38119
79647
-19364
15341
47178
-35337
12779
-66696
36918
57834
65473
-992
-23473
-3656
-1981
29172
-71175
14268
29470
78945
67865
-31475
-27278
22238
79230
-2449
-63591
26422
-37373
-10907
44505
48088
15063
56776
42283
33108
31110
14092
-34713
-3417
19131
16620
36711
18498
42125
-44304
-22610
-64971
-8129
74100
-79405
70903
62802
902
6377
-74888
26548
-77945
46048
-30908
13601
-51711
-25359
-5486
70015
-79026
-65148
-55204
62991
-35451
28340
-64888
-54821
19800
-69029
-62222
65245
-55141
-78050
-34417
-32488
14235
67490
44618
-76015
-44024
34878
-24509
-46461
72731
69591
-45833
-41044
-48872
44
-10870
22591
51768
11438
-6913
-11952
76002
10158
-2040
-14971
-8836
68030
-48140
-70057
-12924
-11555
78181
22388
-18642
68024
-62586
50459
-30430
-31371
-41470
-5961
-6976
55407
-36190
-21607
35440
-73908
23699
-1776
41432
15723
-23108
41204
20554
68177
59713
63148
14889
52120
38114
-50814
29482
-47863
-32669
-26713
-73993
17052
-76028
-74732
-2761
-63146
63210
-34695
-7578
-38097
-48297
12872
-42770
14859
18522
-23397
-7559
24135
-61313
-24537
16452
71616
3584
-42123
6061
-44477
35087
-74345
4877
-59444
75217
-63093
55483
78242
-47744
-74874
40275
-21409
62210
-49863
60390
-67102
-59027
-73293
44254
-9508
79676
-2883
16796
35392
-37100
-71087
-8514
-69873
-11783
57056
37985
-5130
68721
-48827
-67962
-24934
14119
-63632
-65144
-74609
47902
13161
-53269
-72881
-2862
-9694
-75870
-6450
6171
16914
79617
-62503
22446
-60630
76109
62425
13156
-60483
21355
-39364
-19309
-10451
-64366
-62374
-64228
8472
54506
12565
-36890
10023
-77288
157
-76927
30460
23306
-49288
39694
-26634
-44995
-60334
-14913
16601
78074
1391
14658
-39870
67538
-46001
-37293
-37747
34160
57267
-53774
75912
-11140
-62685
70368
75177
-62836
-25353
-59632
49986
-8665
-13278
-70026
5283
-12999
50757
-71516
21287
-68362
37538
1328
-9492
19422
-26055
22950
42183
-78006
26926
-27881
79175
16916
-18662
76249
37562
5474
17175
78423
-42440
72027
-30338
41044
-11875
-31094
57367
25784
-57494
-36961
62070
-11526
-8811
-72849
63869
-55490
33396
-76945
-2181
69941
45300
52442
38521
-20857
-76500
-48259
-1788
-25482
60897
-52754
55977
-64220
-65357
-28563
-64175
-58157
20402
-67684
-46636
-13995
14005
-22921
406
27505
-58911
-20224
-71558
69763
7377
-519
74535
66766
-49993
58371
50394
-768
1918
-55013
9066
42843
47229
-13456
-33284
-10813
51540
4920
-59540
-12411
-56160
13858
-26552
-10356
-60867
-50563
-14712
-30266
16544
-4545
26060
-61871
-64802
-27288
74413
-7086
-14636
10
-58594
1487
-49967
-67989
-43665
-27183
-18003
-15535
67887
70329
69236
33113
54692
1300
75327
64462
43110
-32536
-53064
36369
47244
64127
67531
16829
-69988
18815
-31100
-41642
-60711
-39827
23983
-71600
39379
-22467
40700
37753
-41234
53973
33622
-66516
-49322
37482
69857
-67463
-41585
-15137
48849
-48280
-76702
-1249
79425
-69990
-26148
51797
75380
67839
55579
-64441
-65543
49443
77723
6638
-58454
74382
-59779
48858
-65075
50274
22276
51828
74043
-24464
7282
46662
20426
-77923
-28051
-67701
-34519
50265
-47177
-76727
-3210
47854
-34620
68840
1021
37068
-31753
-8709
-5290
-20286
-51739
-70473
14402
-29450
-12160
-4085
-53109
12603
-56125
-24252
9161
-3851
66914
-63937
-7674
32109
-33163
-9912
38985
74441
-26491
74812
-77323
-77728
-59134
45170
-19758
62170
-30521
-45055
-37223
52604
73953
-72596
-31984
78940
16387
59375
-18618
-72389
24865
-40356
-6709
28231
75645
36872
-43356
78703
11829
39364
-27838
-45521
48640
39987
-47899
-66904
-37632
67274
-59208
27714
-54880
45796
41791
-49915
-67881
47313
68440
-79285
-18221
-70258
52030
-35934
-27458
27239
65484
77514
43469
18445
-73516
-71515
-22015
-66519
67415
-20335
-18713
36971
40798
-16347
-73194
8659
28870
26614
-51429
-47879
61498
46697
45172
-20741
-60103
39626
14679
-77369
67105
-69368
-1334
50204
-21106
-13280
29937
-69764
-16457
-40727
-46950
-72134
63666
55542
-17065
11400
50146
-73442
66935
-30508
-4731
-64753
51536
46189
-13347
-12285
-51709
-32282
40988
-10536
49826
-53280
-37850
21274
-47345
52920
-6977
-45474
14300
-79563
35127
47798
77732
69674
15491
78680
13819
7607
10279
16184
-49945
-15867
6921
-48338
79449
18062
1255
79736
48311
66448
-56547
16790
-43678
40212
24943
58248
34366
-60639
9523
14407
-41698
-74546
71937
55205
-41294
-65309
-22255
41498
-67489
64005
-20079
79317
-19820
75483
-43902
-60224
1641
13247
15255
-74999
-22644
48621
38970
1440
14203
-66290
26805
6266
4795
28642
-20718
14504
61352
35881
2143
42527
-31650
-57368
36982
21492
-8284
-79929
-79444
48571
11764
-77542
40567
44469
51605
-39937
-19893
-4344
65876
-28688
49560
71443
43441
26272
-67162
-78075
-24399
-76300
39616
-74159
-23664
-12251
-14064
62581
-35424
-61393
73478
55028
-13372
-29906
-78193
71853
-79649
40215
-3760
-40871
-37883
13718
-65441
-1649
-71985
8227
40861
34179
-42321
2315
34139
16584
4897
-49252
74170
-77808
65579
-31264
38647
-9396
51379
-30645
23686
49771
-74882
-72457
29141
-74562
-53197
5970
61993
79208
-67526
-38862
-65009
16599
10911
13333
-75027
77718
47990
-60329
41198
31858
39755
2361
-72699
13249
77963
-13818
-19433
9017
-7878
19933
26979
43403
-1865
66992
640
-49556
-76067
-4775
-18351
77303
-59355
49643
24296
-16185
-50258
46590
-21320
-28694
73997
70160
62989
-70479
51081
33131
-35662
-1612
19839
13117
40608
53218
46503
-56973
-4647
38999
47434
23431
-78510
-68003
44210
-76551
45341
-20400
17638
7228
-68383
-60600
39577
14579
35925
-2764
-67302
-36340
-68613
47348
52963
-39327
-22275
62688
-13305
-48807
-40339
65526
-675
41987
-8909
32842
50151
68788
-69425
-61026
11218
-24279
14975
-77447
-55173
-52045
-78480
-6067
-78058
-34832
-26432
-77123
57330
58319
-78378
-15951
6671
-18837
-21736
56051
33464
-60351
-21264
-20302
74141
156
27347
-73107
-53495
45895
-1774
29968
-25261
60373
-65449
-75497
66382
-76275
-61630
25352
-59550
-41017
-77002
-957
9223
-1376
-17496
-2895
70693
-10939
-52394
-37192
-70305
-66361
19465
51387
39354
2239
61140
-59012
-802
33246
-4436
-56252
-48345
-35979
55567
35865
-13009
18970
70312
28815
35630
-20522
-44098
27489
30414
-65460
-19031
-22121
-33379
-41755
-63096
35030
29409
-63668
-20018
-3027
44607
48280
24780
-12948
58358
-28537
60098
-60933
26506
-68040
32458
77457
76067
69410
61855
43490
-74462
35226
36315
-35494
20135
13262
68233
3240
74719
53739
50081
42023
26828
-38208
68861
15948
-42174
75255
49349
4520
-58522
-56690
66358
-18467
-71010
-67126
1402
-43733
-64679
22990
-8602
-35815
-47253
-6823
54629
-22195
-66145
-74053
60981
3011
-45462
13478
4597
-58028
56727
36322
-52091
6768
-29378
-36708
-41882
26469
4937
30866
-68823
45323
33090
-17869
6256
-49872
-20819
78340
13717
6129
-65335
65033
-17425
68784
66606
-65971
-78383
-72907
-21926
-48226
-39929
-23292
-11533
-69022
64968
50935
12471
41101
27847
-23130
63565
57668
-42994
-7872
-64242
42286
-76389
67711
-20252
-17387
21653
-21183
-36271
-50910
-79817
42853
-77598
21312
-60955
-49228
-72368
-28480
2035
36838
-12051
7867
-48101
13418
-28095
-60151
-55360
-32804
39233
-16145
-15372
-50660
-6453
-75854
45359
47750
-44601
50650
-39148
-18790
-35589
7799
-55785
-21147
-1747
-4482
-43295
-49605
-62911
-31182
-28182
-12644
42420
-45873
-79722
-50312
-44191
-56476
-50926
16883
32865
32127
-32846
-41528
-21464
68166
-1872
10790
21947
71841
28968
59738
-45181
25831
-13154
-31351
-50127
20384
63245
-60790
-64829
-63222
-50914
31215
-15208
12090
1340
-63444
-74623
73348
22656
-33966
-25786
-69120
-32338
-30599
76861
-47892
20856
73987
-24632
-54805
-7987
-79821
56340
3470
19793
48917
32412
15541
23220
-72929
48717
347
4737
36442
16757
-55952
-4830
-58388
-38125
-20918
34518
40493
77817
38355
41725
26458
-70763
60178
-34823
4761
-12326
45061
74568
-30948
-72216
66630
-38675
17918
-969
32171
-28346
-27855
-30373
29084
-7552
-23396
41998
31530
-26185
38070
-78418
-57042
79751
73590
-75113
48656
5009
32325
12630
-56451
27996
-12711
-40625
-63029
46055
9648
79777
-44969
-75527
57996
-8959
52849
47020
-35941
48598
55891
-7454
-51171
-40892
-36175
50215
44043
16477
79737
-64824
-5503
71049
38902
6564
-79253
-9593
77499
-13355
45759
-15093
48075
33901
-22139
4464
-70035
36219
15090
15148
-16626
63034
59239
-28407
-33376
26705
76766
-7519
67038
3638
-32467
-48969
36265
-65420
47566
6603
19625
66097
-52515
17024
35690
7083
-33198
-64390
-304
-6281
21077
26716
32230
29842
-55609
73144
-10323
-14003
-72843
-69957
-4793
-35292
-8075
-12351
-37073
-3372
29143
75728
-43466
41003
-23708
-5042
-15890
-43152
-24404
-67389
78585
-44008
27057
1582
47057
-14842
-77146
-28691
-7336
-54525
-73002
23105
-47339
-10113
29122
-11999
29863
-70370
40574
-27584
27541
-50516
-43502
72083
-49310
31731
-66903
31412
-4004
-76229
-13238
30006
18626
-21447
-76525
44738
-50658
25832
47433
16348
-52369
-10401
78421
-61014
35126
-63475
21172
-51713
31590
-25630
74770
-10846
-26150
26887
4032
70899
62888
27955
46748
-53735
8531
31385
46922
19799
-35507
40862
12309
63910
25311
-16264
37256
51223
-34235
-43286
-17677
48278
60186
-32449
-43971
23437
30639
-49834
-30922
-34374
79850
-63846
17486
29348
-29016
-10697
28624
-24955
28861
4398
-69429
27193
30010
-29025
54982
-68524
-52708
-32157
-68746
-6886
73330
-30240
2112
-58118
1400
61345
-77878
11809
8082
26495
21724
-69270
1813
-49830
70126
66482
-49308
13421
43545
-12649
13982
34274
72827
-59441
-71482
-2159
48463
-65339
26325
-9538
-43883
-11800
11439
32282
24718
-31885
50988
-64795
-27422
45010
-30981
23050
14781
-38119
78436
-24179
64116
70657
38549
60714
-67267
-19544
-41692
-68043
-74116
24566
-15321
-50774
-57310
-24148
-70013
-25334
-17495
-78369
-49083
78965
-70860
59346
-39598
58116
777
-5827
53988
6160
-1375
17591
-74251
40328
-16678
-41618
7
-74850
7605
-2042
19413
-23578
49835
39314
39207
20420
-20854
37380
43571
-46849
-49687
-79283
19412
64384
-60467
-23347
-48608
-55924
-70123
-12784
75980
3952
41771
-38333
68537
49620
30948
-28877
-51651
-10277
43355
-66305
69412
-6777
-74830
-69947
77544
49089
479
71530
-41311
-1115
25442
67825
-75787
-63175
-55604
51760
-19966
7249
1707
-78689
14926
66346
19291
-78294
-54169
44566
39805
-61662
-70549
77226
-3912
-13465
50627
3351
-63940
-58051
-22496
53987
23941
-71034
-73650
-74342
29253
29528
-43263
-76686
79468
-23661
-41599
-67620
-23082
62935
-62450
57101
52045
-19050
22677
35961
-6981
-42716
4509
11175
-7982
-71599
62949
-8798
-40201
7704
60775
45991
-65943
-62287
-43837
25530
-21667
-8605
-21700
-19390
-29224
79786
14209
-6706
-74361
-17516
-44421
-56505
65395
62694
-29185
31009
-29774
38992
64864
-43587
48880
-58274
30281
17141
76893
-60693
-1272
30653
-20973
-10530
-43599
-39461
49770
30265
63688
10924
6031
42450
23346
-40150
67454
2593
69255
-29107
-1254
55928
36856
-54976
-20919
-54048
-8698
13270
-11058
-35834
17610
62192
-26932
-36220
52709
48988
-72128
42210
55969
299
-27214
22286
45209
14997
42017
-56585
-53883
-79848
-16852
62806
-77727
-42514
53067
-20064
10482
10389
-21811
-13965
4364
57648
2209
-9847
-25915
-73192
-79648
72819
56641
-49456
-50616
48559
-73604
-44855
-11111
-3026
-21498
-61948
-12785
-31325
48359
-17153
79901
-22390
-31057
4637
58691
-73235
67424
-262
-61758
8439
-18088
78334
23718
-48497
-26568
-8314
62955
23187
-31610
-30391
-1037
75422
33337
63800
14009
70298
-61839
59219
-36821
4990
-62799
4856
-20102
67467
9180
21279
-47504
-30385
-32353
17395
-58698
-31856
38990
-59485
67219
-57791
33605
-42918
-46332
-13087
-18
-37120
8918
3010
43212
-31760
63016
-42582
4727
9521
45274
36893
-70526
-64209
-63071
-7263
-3556
51521
-13046
35798
-25629
-47823
12439
69272
75089
-47852
-14803
22550
-25128
60641
38307
15990
21570
62058
-36132
-78453
-39652
20920
-52365
52782
-15796
-30742
41953
-30002
11024
34137
-76968
72821
49216
28665
60063
-32644
-23949
38980
-10218
29433
-28465
-60542
31576
61673
-73583
-31663
25508
4437
74153
-11634
14269
-25829
-66877
30537
-70109
-50899
-69765
68234
76623
-48801
58075
-34787
30390
43997
39420
26187
1196
4499
22939
-70224
44178
64082
-20350
42660
-66119
76968
-39025
56006
54338
-5786
3073
-65903
16806
35967
-73180
33874
37806
52186
-60125
-22274
-15336
-37274
-56269
-35448
13570
-4021
9401
-64538
47565
22216
-15484
-57155
14177
74529
77180
21133
-9207
135
55444
-6745
38766
-72865
46759
-46405
30139
6743
-61836
35538
31180
24018
-12188
68725
-28552
65921
-11966
52197
-35093
-29276
15565
-54167
-16456
12920
9254
57453
1988
-55646
-25290
-27667
68153
-60059
-38717
-36148
-32451
-69325
-64432
4126
-68183
-60545
-79624
-61057
16515
15034
-48304
10580
-66806
-77349
71141
49785
-22470
58077
10399
-6763
-876
-4208
-47005
16957
-62111
26346
76484
19011
8769
24707
11266
-77013
-63480
14169
15070
24855
-9949
73706
-10555
-26366
30467
-51993
-18993
5353
38389
14814
7310
-58846
53001
71413
68172
11115
58626
-35576
67663
-71998
-53251
-12478
35359
34993
79887
-77177
-14081
50055
66319
29266
-36644
53910
-53748
38973
5385
-61072
-32688
62300
-12352
74196
-27303
50665
-43421
-34653
38351
25123
37916
66521
71626
25333
48131
-18778
-10991
-16532
-57294
20046
-68186
-46998
2670
-48712
476
-42732
-9658
78170
-31486
-71391
6574
12991
2559
-30728
-61518
-6698
54513
-61644
-41672
-15471
59227
39163
-1907
76354
-50798
-36023
-50146
57841
-1878
37981
28834
54592
37797
33402
68544
25135
-31644
-33796
-62785
74005
-36597
37218
-64250
73040
-14017
36020
33062
31067
-54266
-68473
-38642
-40996
75083
-23313
-14101
19855
3430
70172
75394
-14757
55962
71963
-55808
-12546
-33945
74321
-23271
51094
53997
67491
-59089
-66466
-5230
26221
-59411
-30047
-77791
59306
3876
44250
-75565
29764
44633
2083
-69246
35631
70159
36425
11520
17380
-16103
-17073
-4054
-29582
62753
77433
48180
42139
-75499
41728
-38364
-36297
68086
39275
-22548
-78112
12544
-6792
-5374
-37754
-19052
-13795
29552
31446
65762
15436
56211
4946
4680
-48653
-2981
69391
-19695
78366
-40100
-7465
76579
-5484
33247
-66693
-31510
49549
39756
2238
-12316
46087
19537
760
-30704
-76764
32585
70739
20958
-4904
3713
-70349
-41968
-26988
68613
-67664
-12366
60176
-19296
36244
48484
19205
77423
-74296
70036
-4746
68999
36550
2230
12259
54760
31199
54335
-10071
39926
3255
-67250
-39270
-74585
55426
-19987
62699
-60315
40744
65193
-62214
6119
66966
-66533
-31742
74841
-53379
43474
-14036
-75776
-76752
-46211
432
42933
13234
-8784
-58801
-13869
-28259
-10640
61318
34266
44359
-70102
72343
8468
47233
34438
46625
45950
-48569
-10420
-35838
73946
78188
3278
61117
5700
-4624
74026
-29879
33452
74142
-77559
-68630
29271
-1553
-33027
-4750
-55805
-29439
40177
-40056
73828
-62986
-10484
11506
-24421
-39265
19767
25419
-35590
-56307
70627
38604
-28369
-10256
-46549
-36856
46349
72029
8397
-46953
8880
2001
70812
-68484
11515
62539
79286
-16809
-26302
-19246
42979
-35618
37722
-3609
-27926
43098
31420
75460
27651
-70547
36529
-75755
4583
58420
-64705
-68056
46847
-68740
5626
-62588
-66971
-29558
37832
35375
36343
16413
-51842
16131
-2472
-28751
48074
-9307
48193
58007
-7074
15931
47334
37450
-2910
-21226
-26295
-27933
16188
22658
-58552
1014
-11360
-67754
20599
-97
-67880
47487
39406
62444
73693
2560
16785
66841
-75737
15069
26351
14035
-50523
-79493
69311
7990
2653
-41779
-9089
49228
49663
-14844
-34472
-76940
-45447
-27713
-56749
-21322
-5521
48774
73210
-76623
-58461
-22571
-60052
-42718
3954
78022
-15290
12339
53753
-15643
-26296
76181
-51519
-50002
22410
-60876
-26971
73932
42612
19962
40263
3004
-53063
-43452
-72584
-51417
-62106
26844
-76931
-67341
61222
-62499
-69898
-68914
2278
11510
53692
-26716
42336
52554
-78614
-5557
37693
-7858
-1581
53584
8300
31468
-5213
-7081
-25245
-24239
69060
-36593
-10304
57945
-36918
38191
15598
-69330
-900
-48625
-47122
-13553
-64719
3084
-20332
55859
8746
-6340
-29201
2997
-11796
66169
55889
72997
34374
-29231
23505
-48012
-38522
-14413
26333
-73074
32071
-74253
14079
69917
59767
4713
1980
3138
-74006
65607
14840
-32125
77543
-72704
-35723
-45204
-84
932
35620
-77407
-79093
14024
11194
76424
5442
58540
14017
-961
-12839
-22096
47818
-5461
-32490
-50085
4366
-26947
71095
64359
-17217
-74596
-16433
-37013
-28498
-33712
-68492
-15812
7715
51260
-45292
-62969
3211
17788
-7033
-63718
-33552
41931
-54992
-13091
-32963
1094
-51344
-24904
54458
-49133
-16728
76229
-42185
64690
-14591
25038
-46901
40082
-2625
-9603
29096
-64645
65904
-18896
-67756
-24641
619
-71301
22263
52018
-6554
-18097
37161
-53953
78956
-5161
40618
-71744
-77160
66461
56313
35943
70426
-76346
23844
-18156
-51574
-14285
-38591
-4912
-69008
-78438
-40882
23810
-30992
-22716
-59218
78383
-6685
-26273
21024
-39512
-38319
3651
-53992
4349
59195
53269
-29286
-67337
-65376
11939
78598
-29377
-45036
54039
72710
44687
43407
8323
-12700
-56993
-42196
21201
45848
26491
-31297
-4704
-72780
13635
-4146
-30243
55778
-30372
31398
10006
-15510
-53322
60935
-20408
37594
-29333
-36792
-68385
67977
-74622
52140
21799
63019
51426
-42425
-19846
9390
-75868
44131
1634
-57944
-61599
-4803
-21824
3655
-58232
35115
-66912
-63297
-5648
15780
46366
34960
3636
-59827
46088
-59359
71615
47874
-31812
-11010
-52887
25228
57320
-9285
-63028
55127
-29512
-40837
53867
38660
66321
-3628
-61984
-78215
79429
-76100
-51512
48547
-72819
-43755
11422
43281
-37592
-111
-46173
